# Arm length:           69000 m
# Photodiode power:     0.5 W
# Thermal noise at 1Hz: 1.2e-33 m^2/Hz
# Without normal mode resonances
1.000000e-05 1.004133e-17
1.033441e-05 9.402001e-18
1.068000e-05 8.803382e-18
1.103716e-05 8.242877e-18
1.140625e-05 7.718059e-18
1.178769e-05 7.226657e-18
1.218188e-05 6.766542e-18
1.258925e-05 6.335722e-18
1.301025e-05 5.932333e-18
1.344533e-05 5.554628e-18
1.389495e-05 5.200971e-18
1.435962e-05 4.869831e-18
1.483982e-05 4.559775e-18
1.533608e-05 4.269460e-18
1.584893e-05 3.997629e-18
1.637894e-05 3.743106e-18
1.692667e-05 3.504788e-18
1.749271e-05 3.281644e-18
1.807769e-05 3.072707e-18
1.868222e-05 2.877073e-18
1.930698e-05 2.693895e-18
1.995262e-05 2.522380e-18
2.061986e-05 2.361785e-18
2.130941e-05 2.211416e-18
2.202202e-05 2.070620e-18
2.275846e-05 1.938788e-18
2.351953e-05 1.815350e-18
2.430604e-05 1.699771e-18
2.511886e-05 1.591552e-18
2.595887e-05 1.490222e-18
2.682696e-05 1.395344e-18
2.772408e-05 1.306506e-18
2.865120e-05 1.223325e-18
2.960933e-05 1.145440e-18
3.059950e-05 1.072514e-18
3.162278e-05 1.004231e-18
3.268028e-05 9.402952e-19
3.377314e-05 8.804302e-19
3.490255e-05 8.243768e-19
3.606973e-05 7.718922e-19
3.727594e-05 7.227492e-19
3.852248e-05 6.767351e-19
3.981072e-05 6.336506e-19
4.114203e-05 5.933092e-19
4.251786e-05 5.555363e-19
4.393971e-05 5.201683e-19
4.540910e-05 4.870521e-19
4.692762e-05 4.560444e-19
4.849693e-05 4.270109e-19
5.011872e-05 3.998258e-19
5.179475e-05 3.743716e-19
5.352682e-05 3.505379e-19
5.531681e-05 3.282217e-19
5.716667e-05 3.073264e-19
5.907838e-05 2.877613e-19
6.105402e-05 2.694420e-19
6.309573e-05 2.522890e-19
6.520572e-05 2.362280e-19
6.738627e-05 2.211897e-19
6.963974e-05 2.071087e-19
7.196857e-05 1.939243e-19
7.437527e-05 1.815793e-19
7.686246e-05 1.700203e-19
7.943282e-05 1.591972e-19
8.208914e-05 1.490632e-19
8.483429e-05 1.395744e-19
8.767124e-05 1.306897e-19
9.060306e-05 1.223707e-19
9.363292e-05 1.145814e-19
9.676411e-05 1.072880e-19
1.000000e-04 1.004589e-19
1.033441e-04 9.406471e-20
1.068000e-04 8.807761e-20
1.103716e-04 8.247172e-20
1.140625e-04 7.722277e-20
1.178769e-04 7.230803e-20
1.218188e-04 6.770624e-20
1.258925e-04 6.339748e-20
1.301025e-04 5.936308e-20
1.344533e-04 5.558559e-20
1.389495e-04 5.204866e-20
1.435962e-04 4.873698e-20
1.483982e-04 4.563620e-20
1.533608e-04 4.273292e-20
1.584893e-04 4.001456e-20
1.637894e-04 3.746935e-20
1.692667e-04 3.508629e-20
1.749271e-04 3.285504e-20
1.807769e-04 3.076597e-20
1.868222e-04 2.881002e-20
1.930698e-04 2.697873e-20
1.995262e-04 2.526417e-20
2.061986e-04 2.365892e-20
2.130941e-04 2.215603e-20
2.202202e-04 2.074901e-20
2.275846e-04 1.943175e-20
2.351953e-04 1.819856e-20
2.430604e-04 1.704410e-20
2.511886e-04 1.596337e-20
2.595887e-04 1.495170e-20
2.682696e-04 1.400471e-20
2.772408e-04 1.311830e-20
2.865120e-04 1.228863e-20
2.960933e-04 1.151211e-20
3.059950e-04 1.078538e-20
3.162278e-04 1.010530e-20
3.268028e-04 9.468925e-21
3.377314e-04 8.873493e-21
3.490255e-04 8.316432e-21
3.606973e-04 7.795328e-21
3.727594e-04 7.307926e-21
3.852248e-04 6.852115e-21
3.981072e-04 6.425920e-21
4.114203e-04 6.027493e-21
4.251786e-04 5.655109e-21
4.393971e-04 5.307151e-21
4.540910e-04 4.982109e-21
4.692762e-04 4.678570e-21
4.849693e-04 4.395215e-21
5.011872e-04 4.130808e-21
5.179475e-04 3.884195e-21
5.352682e-04 3.654296e-21
5.531681e-04 3.440103e-21
5.716667e-04 3.240670e-21
5.907838e-04 3.055113e-21
6.105402e-04 2.882605e-21
6.309573e-04 2.722370e-21
6.520572e-04 2.573680e-21
6.738627e-04 2.435853e-21
6.963974e-04 2.308244e-21
7.196857e-04 2.190249e-21
7.437527e-04 2.081296e-21
7.686246e-04 1.980843e-21
7.943282e-04 1.888377e-21
8.208914e-04 1.803409e-21
8.483429e-04 1.725475e-21
8.767124e-04 1.654129e-21
9.060306e-04 1.588946e-21
9.363292e-04 1.529517e-21
9.676411e-04 1.475451e-21
1.000000e-03 1.426370e-21
1.033441e-03 1.381913e-21
1.068000e-03 1.341735e-21
1.103716e-03 1.305503e-21
1.140625e-03 1.272902e-21
1.178769e-03 1.243631e-21
1.218188e-03 1.217405e-21
1.258925e-03 1.193956e-21
1.301025e-03 1.173031e-21
1.344533e-03 1.154394e-21
1.389495e-03 1.137826e-21
1.435962e-03 1.123124e-21
1.483982e-03 1.110100e-21
1.533608e-03 1.098581e-21
1.584893e-03 1.088411e-21
1.637894e-03 1.079447e-21
1.692667e-03 1.071559e-21
1.749271e-03 1.064629e-21
1.807769e-03 1.058551e-21
1.868222e-03 1.053231e-21
1.930698e-03 1.048584e-21
1.995262e-03 1.044534e-21
2.061986e-03 1.041012e-21
2.130941e-03 1.037959e-21
2.202202e-03 1.035321e-21
2.275846e-03 1.033050e-21
2.351953e-03 1.031105e-21
2.430604e-03 1.029448e-21
2.511886e-03 1.028047e-21
2.595887e-03 1.026872e-21
2.682696e-03 1.025899e-21
2.772408e-03 1.025104e-21
2.865120e-03 1.024469e-21
2.960933e-03 1.023975e-21
3.059950e-03 1.023608e-21
3.162278e-03 1.023354e-21
3.268028e-03 1.023203e-21
3.377314e-03 1.023143e-21
3.490255e-03 1.023166e-21
3.606973e-03 1.023264e-21
3.727594e-03 1.023431e-21
3.852248e-03 1.023661e-21
3.981072e-03 1.023949e-21
4.114203e-03 1.024291e-21
4.251786e-03 1.024682e-21
4.393971e-03 1.025121e-21
4.540910e-03 1.025604e-21
4.692762e-03 1.026128e-21
4.849693e-03 1.026693e-21
5.011872e-03 1.027296e-21
5.179475e-03 1.027937e-21
5.352682e-03 1.028614e-21
5.531681e-03 1.029327e-21
5.716667e-03 1.030076e-21
5.907838e-03 1.030859e-21
6.105402e-03 1.031676e-21
6.309573e-03 1.032529e-21
6.520572e-03 1.033416e-21
6.738627e-03 1.034338e-21
6.963974e-03 1.035295e-21
7.196857e-03 1.036289e-21
7.437527e-03 1.037318e-21
7.686246e-03 1.038385e-21
7.943282e-03 1.039489e-21
8.208914e-03 1.040632e-21
8.483429e-03 1.041814e-21
8.767124e-03 1.043037e-21
9.060306e-03 1.044301e-21
9.363292e-03 1.045607e-21
9.676411e-03 1.046956e-21
1.000000e-02 1.048350e-21
1.033441e-02 1.049790e-21
1.068000e-02 1.051277e-21
1.103716e-02 1.052813e-21
1.140625e-02 1.054398e-21
1.178769e-02 1.056034e-21
1.218188e-02 1.057723e-21
1.258925e-02 1.059466e-21
1.301025e-02 1.061264e-21
1.344533e-02 1.063121e-21
1.389495e-02 1.065036e-21
1.435962e-02 1.067011e-21
1.483982e-02 1.069050e-21
1.533608e-02 1.071152e-21
1.584893e-02 1.073321e-21
1.637894e-02 1.075558e-21
1.692667e-02 1.077865e-21
1.749271e-02 1.080244e-21
1.807769e-02 1.082698e-21
1.868222e-02 1.085227e-21
1.930698e-02 1.087836e-21
1.995262e-02 1.090524e-21
2.061986e-02 1.093296e-21
2.130941e-02 1.096154e-21
2.202202e-02 1.099099e-21
2.275846e-02 1.102134e-21
2.351953e-02 1.105263e-21
2.430604e-02 1.108486e-21
2.511886e-02 1.111808e-21
2.595887e-02 1.115230e-21
2.682696e-02 1.118756e-21
2.772408e-02 1.122388e-21
2.865120e-02 1.126129e-21
2.960933e-02 1.129982e-21
3.059950e-02 1.133951e-21
3.162278e-02 1.138037e-21
3.268028e-02 1.142245e-21
3.377314e-02 1.146578e-21
3.490255e-02 1.151038e-21
3.606973e-02 1.155629e-21
3.727594e-02 1.160355e-21
3.852248e-02 1.165219e-21
3.981072e-02 1.170224e-21
4.114203e-02 1.175374e-21
4.251786e-02 1.180672e-21
4.393971e-02 1.186123e-21
4.540910e-02 1.191730e-21
4.692762e-02 1.197497e-21
4.849693e-02 1.203428e-21
5.011872e-02 1.209527e-21
5.179475e-02 1.215797e-21
5.352682e-02 1.222244e-21
5.531681e-02 1.228870e-21
5.716667e-02 1.235680e-21
5.907838e-02 1.242680e-21
6.105402e-02 1.249872e-21
6.309573e-02 1.257261e-21
6.520572e-02 1.264852e-21
6.738627e-02 1.272649e-21
6.963974e-02 1.280657e-21
7.196857e-02 1.288881e-21
7.437527e-02 1.297325e-21
7.686246e-02 1.305994e-21
7.943282e-02 1.314893e-21
8.208914e-02 1.324026e-21
8.483429e-02 1.333400e-21
8.767124e-02 1.343018e-21
9.060306e-02 1.352885e-21
9.363292e-02 1.363008e-21
9.676411e-02 1.373391e-21
1.000000e-01 1.384039e-21
1.033441e-01 1.394958e-21
1.068000e-01 1.406153e-21
1.103716e-01 1.417629e-21
1.140625e-01 1.429393e-21
1.178769e-01 1.441448e-21
1.218188e-01 1.453802e-21
1.258925e-01 1.466460e-21
1.301025e-01 1.479428e-21
1.344533e-01 1.492710e-21
1.389495e-01 1.506314e-21
1.435962e-01 1.520245e-21
1.483982e-01 1.534508e-21
1.533608e-01 1.549111e-21
1.584893e-01 1.564059e-21
1.637894e-01 1.579358e-21
1.692667e-01 1.595014e-21
1.749271e-01 1.611034e-21
1.807769e-01 1.627425e-21
1.868222e-01 1.644191e-21
1.930698e-01 1.661341e-21
1.995262e-01 1.678880e-21
2.061986e-01 1.696815e-21
2.130941e-01 1.715153e-21
2.202202e-01 1.733900e-21
2.275846e-01 1.753063e-21
2.351953e-01 1.772650e-21
2.430604e-01 1.792667e-21
2.511886e-01 1.813121e-21
2.595887e-01 1.834019e-21
2.682696e-01 1.855369e-21
2.772408e-01 1.877178e-21
2.865120e-01 1.899453e-21
2.960933e-01 1.922202e-21
3.059950e-01 1.945432e-21
3.162278e-01 1.969151e-21
3.268028e-01 1.993366e-21
3.377314e-01 2.018086e-21
3.490255e-01 2.043319e-21
3.606973e-01 2.069072e-21
3.727594e-01 2.095354e-21
3.852248e-01 2.122172e-21
3.981072e-01 2.149536e-21
4.114203e-01 2.177454e-21
4.251786e-01 2.205934e-21
4.393971e-01 2.234985e-21
4.540910e-01 2.264616e-21
4.692762e-01 2.294837e-21
4.849693e-01 2.325655e-21
5.011872e-01 2.357080e-21
5.179475e-01 2.389122e-21
5.352682e-01 2.421790e-21
5.531681e-01 2.455094e-21
5.716667e-01 2.489043e-21
5.907838e-01 2.523648e-21
6.105402e-01 2.558919e-21
6.309573e-01 2.594865e-21
6.520572e-01 2.631497e-21
6.738627e-01 2.668827e-21
6.963974e-01 2.706863e-21
7.196857e-01 2.745618e-21
7.437527e-01 2.785103e-21
7.686246e-01 2.825328e-21
7.943282e-01 2.866305e-21
8.208914e-01 2.908046e-21
8.483429e-01 2.950563e-21
8.767124e-01 2.993867e-21
9.060306e-01 3.037970e-21
9.363292e-01 3.082886e-21
9.676411e-01 3.128626e-21
1.000000e+00 3.175203e-21
1.033441e+00 3.222631e-21
1.068000e+00 3.270922e-21
1.103716e+00 3.320091e-21
1.140625e+00 3.370149e-21
1.178769e+00 3.421113e-21
1.218188e+00 3.472995e-21
1.258925e+00 3.525810e-21
1.301025e+00 3.579572e-21
1.344533e+00 3.634297e-21
1.389495e+00 3.689999e-21
1.435962e+00 3.746693e-21
1.483982e+00 3.804397e-21
1.533608e+00 3.863124e-21
1.584893e+00 3.922891e-21
1.637894e+00 3.983715e-21
1.692667e+00 4.045613e-21
1.749271e+00 4.108600e-21
1.807769e+00 4.172695e-21
1.868222e+00 4.237915e-21
1.930698e+00 4.304278e-21
1.995262e+00 4.371802e-21
2.061986e+00 4.440505e-21
2.130941e+00 4.510406e-21
2.202202e+00 4.581524e-21
2.275846e+00 4.653879e-21
2.351953e+00 4.727490e-21
2.430604e+00 4.802377e-21
2.511886e+00 4.878561e-21
2.595887e+00 4.956062e-21
2.682696e+00 5.034901e-21
2.772408e+00 5.115101e-21
2.865120e+00 5.196682e-21
2.960933e+00 5.279667e-21
3.059950e+00 5.364078e-21
3.162278e+00 5.449938e-21
3.268028e+00 5.537271e-21
3.377314e+00 5.626100e-21
3.490255e+00 5.716450e-21
3.606973e+00 5.808345e-21
3.727594e+00 5.901809e-21
3.852248e+00 5.996868e-21
3.981072e+00 6.093549e-21
4.114203e+00 6.191876e-21
4.251786e+00 6.291878e-21
4.393971e+00 6.393580e-21
4.540910e+00 6.497011e-21
4.692762e+00 6.602198e-21
4.849693e+00 6.709171e-21
5.011872e+00 6.817957e-21
5.179475e+00 6.928587e-21
5.352682e+00 7.041090e-21
5.531681e+00 7.155497e-21
5.716667e+00 7.271839e-21
5.907838e+00 7.390148e-21
6.105402e+00 7.510455e-21
6.309573e+00 7.632792e-21
6.520572e+00 7.757194e-21
6.738627e+00 7.883694e-21
6.963974e+00 8.012326e-21
7.196857e+00 8.143125e-21
7.437527e+00 8.276126e-21
7.686246e+00 8.411365e-21
7.943282e+00 8.548880e-21
8.208914e+00 8.688706e-21
8.483429e+00 8.830882e-21
8.767124e+00 8.975447e-21
9.060306e+00 9.122440e-21
9.363292e+00 9.271899e-21
9.676411e+00 9.423867e-21
1.000000e+01 9.578384e-21
1.033441e+01 9.735491e-21
1.068000e+01 9.895231e-21
1.103716e+01 1.005765e-20
1.140625e+01 1.022279e-20
1.178769e+01 1.039069e-20
1.218188e+01 1.056140e-20
1.258925e+01 1.073497e-20
1.301025e+01 1.091144e-20
1.344533e+01 1.109087e-20
1.389495e+01 1.127329e-20
1.435962e+01 1.145877e-20
1.483982e+01 1.164734e-20
1.533608e+01 1.183907e-20
1.584893e+01 1.203399e-20
1.637894e+01 1.223218e-20
1.692667e+01 1.243367e-20
1.749271e+01 1.263852e-20
1.807769e+01 1.284679e-20
1.868222e+01 1.305854e-20
1.930698e+01 1.327382e-20
1.995262e+01 1.349269e-20
2.061986e+01 1.371521e-20
2.130941e+01 1.394145e-20
2.202202e+01 1.417145e-20
2.275846e+01 1.440528e-20
2.351953e+01 1.464301e-20
2.430604e+01 1.488471e-20
2.511886e+01 1.513043e-20
2.595887e+01 1.538024e-20
2.682696e+01 1.563421e-20
2.772408e+01 1.589241e-20
2.865120e+01 1.615492e-20
2.960933e+01 1.642179e-20
3.059950e+01 1.669310e-20
3.162278e+01 1.696893e-20
3.268028e+01 1.724935e-20
3.377314e+01 1.753443e-20
3.490255e+01 1.782426e-20
3.606973e+01 1.811891e-20
3.727594e+01 1.841846e-20
3.852248e+01 1.872300e-20
3.981072e+01 1.903259e-20
4.114203e+01 1.934734e-20
4.251786e+01 1.966732e-20
4.393971e+01 1.999262e-20
4.540910e+01 2.032333e-20
4.692762e+01 2.065954e-20
4.849693e+01 2.100133e-20
5.011872e+01 2.134881e-20
5.179475e+01 2.170206e-20
5.352682e+01 2.206118e-20
5.531681e+01 2.242627e-20
5.716667e+01 2.279743e-20
5.907838e+01 2.317475e-20
6.105402e+01 2.355834e-20
6.309573e+01 2.394831e-20
6.520572e+01 2.434475e-20
6.738627e+01 2.474778e-20
6.963974e+01 2.515750e-20
7.196857e+01 2.557403e-20
7.437527e+01 2.599748e-20
7.686246e+01 2.642796e-20
7.943282e+01 2.686559e-20
8.208914e+01 2.731048e-20
8.483429e+01 2.776277e-20
8.767124e+01 2.822256e-20
9.060306e+01 2.868999e-20
9.363292e+01 2.916518e-20
9.676411e+01 2.964825e-20
1.000000e+02 3.013935e-20
