   2.0000000e-04   2.7304964e-07
   2.0264177e-04   2.6775182e-07
   2.0531843e-04   2.6255679e-07
   2.0803045e-04   2.5746255e-07
   2.1077829e-04   2.5246715e-07
   2.1356243e-04   2.4756867e-07
   2.1638334e-04   2.4276523e-07
   2.1924151e-04   2.3805499e-07
   2.2213744e-04   2.3343614e-07
   2.2507161e-04   2.2890690e-07
   2.2804455e-04   2.2446553e-07
   2.3105675e-04   2.2011034e-07
   2.3410874e-04   2.1583964e-07
   2.3720105e-04   2.1165181e-07
   2.4033420e-04   2.0754522e-07
   2.4350874e-04   2.0351831e-07
   2.4672520e-04   1.9956953e-07
   2.4998416e-04   1.9569737e-07
   2.5328616e-04   1.9190033e-07
   2.5663177e-04   1.8817696e-07
   2.6002158e-04   1.8452583e-07
   2.6345617e-04   1.8094554e-07
   2.6693612e-04   1.7743471e-07
   2.7046203e-04   1.7399200e-07
   2.7403452e-04   1.7061609e-07
   2.7765420e-04   1.6730567e-07
   2.8132169e-04   1.6405948e-07
   2.8503762e-04   1.6087627e-07
   2.8880264e-04   1.5775482e-07
   2.9261739e-04   1.5469393e-07
   2.9648252e-04   1.5169243e-07
   3.0039871e-04   1.4874916e-07
   3.0436663e-04   1.4586300e-07
   3.0838696e-04   1.4303283e-07
   3.1246039e-04   1.4025758e-07
   3.1658763e-04   1.3753616e-07
   3.2076939e-04   1.3486755e-07
   3.2500638e-04   1.3225071e-07
   3.2929934e-04   1.2968464e-07
   3.3364900e-04   1.2716836e-07
   3.3805611e-04   1.2470090e-07
   3.4252144e-04   1.2228131e-07
   3.4704575e-04   1.1990867e-07
   3.5162983e-04   1.1758205e-07
   3.5627445e-04   1.1530058e-07
   3.6098042e-04   1.1306337e-07
   3.6574855e-04   1.1086957e-07
   3.7057967e-04   1.0871832e-07
   3.7547459e-04   1.0660882e-07
   3.8043418e-04   1.0454024e-07
   3.8545927e-04   1.0251180e-07
   3.9055074e-04   1.0052271e-07
   3.9570946e-04   9.8572209e-08
   4.0093633e-04   9.6659553e-08
   4.0623223e-04   9.4784004e-08
   4.1159809e-04   9.2944844e-08
   4.1703482e-04   9.1141365e-08
   4.2254336e-04   8.9372876e-08
   4.2812467e-04   8.7638698e-08
   4.3377970e-04   8.5938165e-08
   4.3950943e-04   8.4270624e-08
   4.4531484e-04   8.2635436e-08
   4.5119693e-04   8.1031972e-08
   4.5715672e-04   7.9459617e-08
   4.6319523e-04   7.7917767e-08
   4.6931350e-04   7.6405831e-08
   4.7551259e-04   7.4923228e-08
   4.8179355e-04   7.3469389e-08
   4.8815749e-04   7.2043756e-08
   4.9460548e-04   7.0645781e-08
   5.0113865e-04   6.9274929e-08
   5.0775811e-04   6.7930672e-08
   5.1446500e-04   6.6612495e-08
   5.2126049e-04   6.5319892e-08
   5.2814573e-04   6.4052367e-08
   5.3512193e-04   6.2809433e-08
   5.4219027e-04   6.1590612e-08
   5.4935197e-04   6.0395438e-08
   5.5660827e-04   5.9223451e-08
   5.6396042e-04   5.8074201e-08
   5.7140968e-04   5.6947248e-08
   5.7895734e-04   5.5842159e-08
   5.8660470e-04   5.4758509e-08
   5.9435306e-04   5.3695882e-08
   6.0220378e-04   5.2653872e-08
   6.1015819e-04   5.1632076e-08
   6.1821767e-04   5.0630105e-08
   6.2638361e-04   4.9647572e-08
   6.3465741e-04   4.8684101e-08
   6.4304050e-04   4.7739322e-08
   6.5153432e-04   4.6812872e-08
   6.6014033e-04   4.5904396e-08
   6.6886002e-04   4.5013545e-08
   6.7769488e-04   4.4139976e-08
   6.8664645e-04   4.3283356e-08
   6.9571625e-04   4.2443354e-08
   7.0490585e-04   4.1619649e-08
   7.1421684e-04   4.0811924e-08
   7.2365082e-04   4.0019869e-08
   7.3320940e-04   3.9243181e-08
   7.4289425e-04   3.8481561e-08
   7.5270702e-04   3.7734716e-08
   7.6264941e-04   3.7002361e-08
   7.7272312e-04   3.6284214e-08
   7.8292989e-04   3.5579999e-08
   7.9327149e-04   3.4889446e-08
   8.0374969e-04   3.4212291e-08
   8.1436629e-04   3.3548272e-08
   8.2512312e-04   3.2897137e-08
   8.3602204e-04   3.2258633e-08
   8.4706492e-04   3.1632517e-08
   8.5825366e-04   3.1018548e-08
   8.6959020e-04   3.0416490e-08
   8.8107648e-04   2.9826113e-08
   8.9271447e-04   2.9247190e-08
   9.0450620e-04   2.8679498e-08
   9.1645367e-04   2.8122820e-08
   9.2855896e-04   2.7576943e-08
   9.4082415e-04   2.7041655e-08
   9.5325134e-04   2.6516754e-08
   9.6584269e-04   2.6002035e-08
   9.7860035e-04   2.5497303e-08
   9.9152652e-04   2.5002364e-08
   1.0046234e-03   2.4517027e-08
   1.0178933e-03   2.4041107e-08
   1.0313385e-03   2.3574421e-08
   1.0449613e-03   2.3116789e-08
   1.0587640e-03   2.2668036e-08
   1.0727491e-03   2.2227990e-08
   1.0869189e-03   2.1796482e-08
   1.1012758e-03   2.1373346e-08
   1.1158224e-03   2.0958421e-08
   1.1305611e-03   2.0551547e-08
   1.1454945e-03   2.0152567e-08
   1.1606251e-03   1.9761329e-08
   1.1759557e-03   1.9377682e-08
   1.1914887e-03   1.9001481e-08
   1.2072269e-03   1.8632579e-08
   1.2231729e-03   1.8270835e-08
   1.2393296e-03   1.7916112e-08
   1.2556997e-03   1.7568272e-08
   1.2722861e-03   1.7227182e-08
   1.2890915e-03   1.6892712e-08
   1.3061189e-03   1.6564733e-08
   1.3233712e-03   1.6243119e-08
   1.3408514e-03   1.5927748e-08
   1.3585625e-03   1.5618497e-08
   1.3765075e-03   1.5315249e-08
   1.3946896e-03   1.5017886e-08
   1.4131118e-03   1.4726296e-08
   1.4317774e-03   1.4440366e-08
   1.4506895e-03   1.4159987e-08
   1.4698514e-03   1.3885050e-08
   1.4892665e-03   1.3615451e-08
   1.5089379e-03   1.3351087e-08
   1.5288693e-03   1.3091855e-08
   1.5490638e-03   1.2837657e-08
   1.5695252e-03   1.2588395e-08
   1.5902568e-03   1.2343973e-08
   1.6112622e-03   1.2104299e-08
   1.6325451e-03   1.1869279e-08
   1.6541092e-03   1.1638824e-08
   1.6759580e-03   1.1412845e-08
   1.6980955e-03   1.1191257e-08
   1.7205254e-03   1.0973973e-08
   1.7432515e-03   1.0760911e-08
   1.7662778e-03   1.0551989e-08
   1.7896083e-03   1.0347127e-08
   1.8132470e-03   1.0146247e-08
   1.8371978e-03   9.9492714e-09
   1.8614651e-03   9.7561249e-09
   1.8860529e-03   9.5667335e-09
   1.9109655e-03   9.3810247e-09
   1.9362071e-03   9.1989274e-09
   1.9617821e-03   9.0203719e-09
   1.9876950e-03   8.8452897e-09
   2.0139501e-03   8.6736139e-09
   2.0405521e-03   8.5052787e-09
   2.0675054e-03   8.3402198e-09
   2.0948148e-03   8.1783738e-09
   2.1224848e-03   8.0196789e-09
   2.1505204e-03   7.8640743e-09
   2.1789263e-03   7.7115005e-09
   2.2077074e-03   7.5618992e-09
   2.2368686e-03   7.4152130e-09
   2.2664151e-03   7.2713859e-09
   2.2963518e-03   7.1303628e-09
   2.3266839e-03   6.9920899e-09
   2.3574167e-03   6.8565143e-09
   2.3885554e-03   6.7235840e-09
   2.4201055e-03   6.5932484e-09
   2.4520723e-03   6.4654575e-09
   2.4844613e-03   6.3401626e-09
   2.5172782e-03   6.2173157e-09
   2.5505285e-03   6.0968699e-09
   2.5842180e-03   5.9787791e-09
   2.6183525e-03   5.8629984e-09
   2.6529379e-03   5.7494834e-09
   2.6879801e-03   5.6381907e-09
   2.7234852e-03   5.5290780e-09
   2.7594593e-03   5.4221034e-09
   2.7959086e-03   5.3172262e-09
   2.8328393e-03   5.2144063e-09
   2.8702578e-03   5.1136045e-09
   2.9081706e-03   5.0147823e-09
   2.9465841e-03   4.9179020e-09
   2.9855051e-03   4.8229265e-09
   3.0249402e-03   4.7298197e-09
   3.0648961e-03   4.6385460e-09
   3.1053798e-03   4.5490706e-09
   3.1463983e-03   4.4613593e-09
   3.1879586e-03   4.3753787e-09
   3.2300678e-03   4.2910960e-09
   3.2727332e-03   4.2084789e-09
   3.3159622e-03   4.1274960e-09
   3.3597623e-03   4.0481163e-09
   3.4041408e-03   3.9703096e-09
   3.4491056e-03   3.8940462e-09
   3.4946642e-03   3.8192969e-09
   3.5408247e-03   3.7460332e-09
   3.5875949e-03   3.6742271e-09
   3.6349829e-03   3.6038511e-09
   3.6829968e-03   3.5348785e-09
   3.7316449e-03   3.4672828e-09
   3.7809356e-03   3.4010381e-09
   3.8308773e-03   3.3361192e-09
   3.8814788e-03   3.2725011e-09
   3.9327486e-03   3.2101596e-09
   3.9846957e-03   3.1490707e-09
   4.0373289e-03   3.0892110e-09
   4.0906573e-03   3.0305575e-09
   4.1446901e-03   2.9730877e-09
   4.1994367e-03   2.9167796e-09
   4.2549064e-03   2.8616114e-09
   4.3111087e-03   2.8075620e-09
   4.3680535e-03   2.7546104e-09
   4.4257504e-03   2.7027363e-09
   4.4842094e-03   2.6519196e-09
   4.5434406e-03   2.6021406e-09
   4.6034542e-03   2.5533801e-09
   4.6642605e-03   2.5056191e-09
   4.7258700e-03   2.4588390e-09
   4.7882932e-03   2.4130215e-09
   4.8515410e-03   2.3681489e-09
   4.9156242e-03   2.3242036e-09
   4.9805539e-03   2.2811683e-09
   5.0463413e-03   2.2390260e-09
   5.1129976e-03   2.1977603e-09
   5.1805343e-03   2.1573547e-09
   5.2489632e-03   2.1177932e-09
   5.3182959e-03   2.0790602e-09
   5.3885444e-03   2.0411402e-09
   5.4597208e-03   2.0040179e-09
   5.5318374e-03   1.9676786e-09
   5.6049066e-03   1.9321074e-09
   5.6789409e-03   1.8972901e-09
   5.7539531e-03   1.8632124e-09
   5.8299561e-03   1.8298604e-09
   5.9069631e-03   1.7972206e-09
   5.9849872e-03   1.7652793e-09
   6.0640419e-03   1.7340234e-09
   6.1441409e-03   1.7034398e-09
   6.2252979e-03   1.6735158e-09
   6.3075268e-03   1.6442388e-09
   6.3908419e-03   1.6155963e-09
   6.4752575e-03   1.5875762e-09
   6.5607882e-03   1.5601664e-09
   6.6474486e-03   1.5333551e-09
   6.7352537e-03   1.5071307e-09
   6.8242185e-03   1.4814817e-09
   6.9143586e-03   1.4563969e-09
   7.0056892e-03   1.4318651e-09
   7.0982262e-03   1.4078753e-09
   7.1919856e-03   1.3844168e-09
   7.2869833e-03   1.3614790e-09
   7.3832359e-03   1.3390513e-09
   7.4807599e-03   1.3171234e-09
   7.5795721e-03   1.2956853e-09
   7.6796894e-03   1.2747268e-09
   7.7811292e-03   1.2542381e-09
   7.8839089e-03   1.2342094e-09
   7.9880462e-03   1.2146312e-09
   8.0935590e-03   1.1954940e-09
   8.2004655e-03   1.1767885e-09
   8.3087842e-03   1.1585054e-09
   8.4185335e-03   1.1406358e-09
   8.5297326e-03   1.1231707e-09
   8.6424005e-03   1.1061014e-09
   8.7565566e-03   1.0894191e-09
   8.8722205e-03   1.0731154e-09
   8.9894122e-03   1.0571817e-09
   9.1081519e-03   1.0416100e-09
   9.2284601e-03   1.0263919e-09
   9.3503573e-03   1.0115195e-09
   9.4738647e-03   9.9698486e-10
   9.5990034e-03   9.8278019e-10
   9.7257951e-03   9.6889783e-10
   9.8542616e-03   9.5533024e-10
   9.9844250e-03   9.4207002e-10
   1.0116308e-02   9.2910985e-10
   1.0249932e-02   9.1644257e-10
   1.0385322e-02   9.0406113e-10
   1.0522500e-02   8.9195859e-10
   1.0661490e-02   8.8012815e-10
   1.0802316e-02   8.6856311e-10
   1.0945002e-02   8.5725690e-10
   1.1089573e-02   8.4620307e-10
   1.1236053e-02   8.3539530e-10
   1.1384468e-02   8.2482737e-10
   1.1534844e-02   8.1449318e-10
   1.1687206e-02   8.0438677e-10
   1.1841580e-02   7.9450228e-10
   1.1997994e-02   7.8483397e-10
   1.2156473e-02   7.7537623e-10
   1.2317046e-02   7.6612354e-10
   1.2479740e-02   7.5707053e-10
   1.2644583e-02   7.4821192e-10
   1.2811603e-02   7.3954255e-10
   1.2980830e-02   7.3105739e-10
   1.3152292e-02   7.2275150e-10
   1.3326018e-02   7.1462007e-10
   1.3502039e-02   7.0665840e-10
   1.3680386e-02   6.9886190e-10
   1.3861088e-02   6.9122607e-10
   1.4044176e-02   6.8374654e-10
   1.4229684e-02   6.7641905e-10
   1.4417641e-02   6.6923943e-10
   1.4608082e-02   6.6220363e-10
   1.4801037e-02   6.5530768e-10
   1.4996542e-02   6.4854774e-10
   1.5194629e-02   6.4192006e-10
   1.5395332e-02   6.3542098e-10
   1.5598687e-02   6.2904695e-10
   1.5804727e-02   6.2279451e-10
   1.6013489e-02   6.1666029e-10
   1.6225009e-02   6.1064102e-10
   1.6439323e-02   6.0473352e-10
   1.6656467e-02   5.9893470e-10
   1.6876480e-02   5.9324154e-10
   1.7099398e-02   5.8765114e-10
   1.7325261e-02   5.8216066e-10
   1.7554108e-02   5.7676734e-10
   1.7785977e-02   5.7146852e-10
   1.8020910e-02   5.6626160e-10
   1.8258945e-02   5.6114406e-10
   1.8500124e-02   5.5611346e-10
   1.8744490e-02   5.5116744e-10
   1.8992082e-02   5.4630370e-10
   1.9242946e-02   5.4152001e-10
   1.9497123e-02   5.3681421e-10
   1.9754657e-02   5.3218422e-10
   2.0015593e-02   5.2762800e-10
   2.0279976e-02   5.2314360e-10
   2.0547851e-02   5.1872910e-10
   2.0819264e-02   5.1438267e-10
   2.1094263e-02   5.1010252e-10
   2.1372893e-02   5.0588691e-10
   2.1655204e-02   5.0173418e-10
   2.1941245e-02   4.9764271e-10
   2.2231063e-02   4.9361091e-10
   2.2524709e-02   4.8963728e-10
   2.2822235e-02   4.8572033e-10
   2.3123690e-02   4.8185865e-10
   2.3429127e-02   4.7805086e-10
   2.3738599e-02   4.7429562e-10
   2.4052158e-02   4.7059163e-10
   2.4369859e-02   4.6693766e-10
   2.4691757e-02   4.6333247e-10
   2.5017906e-02   4.5977492e-10
   2.5348364e-02   4.5626385e-10
   2.5683186e-02   4.5279817e-10
   2.6022431e-02   4.4937682e-10
   2.6366157e-02   4.4599878e-10
   2.6714424e-02   4.4266303e-10
   2.7067290e-02   4.3936863e-10
   2.7424818e-02   4.3611463e-10
   2.7787068e-02   4.3290014e-10
   2.8154102e-02   4.2972427e-10
   2.8525986e-02   4.2658619e-10
   2.8902781e-02   4.2348506e-10
   2.9284553e-02   4.2042011e-10
   2.9671368e-02   4.1739055e-10
   3.0063292e-02   4.1439564e-10
   3.0460393e-02   4.1143467e-10
   3.0862740e-02   4.0850693e-10
   3.1270401e-02   4.0561174e-10
   3.1683446e-02   4.0274845e-10
   3.2101948e-02   3.9991642e-10
   3.2525978e-02   3.9711504e-10
   3.2955608e-02   3.9434370e-10
   3.3390913e-02   3.9160184e-10
   3.3831968e-02   3.8888888e-10
   3.4278850e-02   3.8620428e-10
   3.4731633e-02   3.8354751e-10
   3.5190398e-02   3.8091807e-10
   3.5655222e-02   3.7831545e-10
   3.6126186e-02   3.7573917e-10
   3.6603371e-02   3.7318876e-10
   3.7086859e-02   3.7066377e-10
   3.7576734e-02   3.6816376e-10
   3.8073079e-02   3.6568829e-10
   3.8575980e-02   3.6323696e-10
   3.9085524e-02   3.6080935e-10
   3.9601798e-02   3.5840508e-10
   4.0124892e-02   3.5602377e-10
   4.0654895e-02   3.5366503e-10
   4.1191899e-02   3.5132851e-10
   4.1735997e-02   3.4901387e-10
   4.2287281e-02   3.4672075e-10
   4.2845846e-02   3.4444883e-10
   4.3411790e-02   3.4219779e-10
   4.3985210e-02   3.3996731e-10
   4.4566203e-02   3.3775708e-10
   4.5154871e-02   3.3556680e-10
   4.5751315e-02   3.3339620e-10
   4.6355636e-02   3.3124498e-10
   4.6967941e-02   3.2911286e-10
   4.7588333e-02   3.2699959e-10
   4.8216919e-02   3.2490490e-10
   4.8853809e-02   3.2282854e-10
   4.9499111e-02   3.2077025e-10
   5.0152937e-02   3.1872979e-10
   5.0815399e-02   3.1670693e-10
   5.1486611e-02   3.1470144e-10
   5.2166690e-02   3.1271309e-10
   5.2855751e-02   3.1074166e-10
   5.3553914e-02   3.0878694e-10
   5.4261299e-02   3.0684872e-10
   5.4978028e-02   3.0492679e-10
   5.5704224e-02   3.0302096e-10
   5.6440012e-02   3.0113102e-10
   5.7185519e-02   2.9925678e-10
   5.7940873e-02   2.9739806e-10
   5.8706205e-02   2.9555468e-10
   5.9481646e-02   2.9372646e-10
   6.0267329e-02   2.9191321e-10
   6.1063391e-02   2.9011478e-10
   6.1869967e-02   2.8833099e-10
   6.2687198e-02   2.8656167e-10
   6.3515223e-02   2.8480667e-10
   6.4354185e-02   2.8306582e-10
   6.5204230e-02   2.8133898e-10
   6.6065502e-02   2.7962599e-10
   6.6938150e-02   2.7792670e-10
   6.7822326e-02   2.7624096e-10
   6.8718180e-02   2.7456864e-10
   6.9625867e-02   2.7290959e-10
   7.0545544e-02   2.7126367e-10
   7.1477369e-02   2.6963075e-10
   7.2421502e-02   2.6801070e-10
   7.3378106e-02   2.6640338e-10
   7.4347346e-02   2.6480867e-10
   7.5329388e-02   2.6322643e-10
   7.6324402e-02   2.6165655e-10
   7.7332558e-02   2.6009890e-10
   7.8354032e-02   2.5855337e-10
   7.9388997e-02   2.5701982e-10
   8.0437634e-02   2.5549816e-10
   8.1500122e-02   2.5398826e-10
   8.2576644e-02   2.5249001e-10
   8.3667385e-02   2.5100331e-10
   8.4772534e-02   2.4952803e-10
   8.5892281e-02   2.4806407e-10
   8.7026819e-02   2.4661134e-10
   8.8176342e-02   2.4516971e-10
   8.9341049e-02   2.4373909e-10
   9.0521141e-02   2.4231938e-10
   9.1716820e-02   2.4091048e-10
   9.2928293e-02   2.3951228e-10
   9.4155767e-02   2.3812469e-10
   9.5399456e-02   2.3674762e-10
   9.6659572e-02   2.3538096e-10
   9.7936333e-02   2.3402463e-10
   9.9229958e-02   2.3267853e-10
   1.0054067e-01   2.3134257e-10
   1.0186870e-01   2.3001665e-10
   1.0321426e-01   2.2870069e-10
   1.0457760e-01   2.2739461e-10
   1.0595895e-01   2.2609830e-10
   1.0735855e-01   2.2481170e-10
   1.0877663e-01   2.2353470e-10
   1.1021344e-01   2.2226722e-10
   1.1166923e-01   2.2100918e-10
   1.1314426e-01   2.1976051e-10
   1.1463876e-01   2.1852110e-10
   1.1615300e-01   2.1729089e-10
   1.1768725e-01   2.1606979e-10
   1.1924176e-01   2.1485772e-10
   1.2081681e-01   2.1365461e-10
   1.2241266e-01   2.1246037e-10
   1.2402959e-01   2.1127492e-10
   1.2566787e-01   2.1009820e-10
   1.2732780e-01   2.0893011e-10
   1.2900965e-01   2.0777059e-10
   1.3071372e-01   2.0661956e-10
   1.3244030e-01   2.0547694e-10
   1.3418968e-01   2.0434267e-10
   1.3596217e-01   2.0321666e-10
   1.3775807e-01   2.0209884e-10
   1.3957770e-01   2.0098915e-10
   1.4142136e-01   1.9988750e-10
   1.4328937e-01   1.9879383e-10
   1.4518205e-01   1.9770806e-10
   1.4709974e-01   1.9663013e-10
   1.4904276e-01   1.9555996e-10
   1.5101144e-01   1.9449748e-10
   1.5300613e-01   1.9344262e-10
   1.5502716e-01   1.9239532e-10
   1.5707489e-01   1.9135550e-10
   1.5914966e-01   1.9032310e-10
   1.6125185e-01   1.8929805e-10
   1.6338180e-01   1.8828028e-10
   1.6553988e-01   1.8726971e-10
   1.6772647e-01   1.8626630e-10
   1.6994194e-01   1.8526996e-10
   1.7218668e-01   1.8428063e-10
   1.7446106e-01   1.8329825e-10
   1.7676549e-01   1.8232274e-10
   1.7910036e-01   1.8135405e-10
   1.8146607e-01   1.8039210e-10
   1.8386302e-01   1.7943684e-10
   1.8629164e-01   1.7848819e-10
   1.8875234e-01   1.7754609e-10
   1.9124554e-01   1.7661048e-10
   1.9377167e-01   1.7568129e-10
   1.9633117e-01   1.7475846e-10
   1.9892447e-01   1.7384192e-10
   2.0155204e-01   1.7293161e-10
   2.0421430e-01   1.7202746e-10
   2.0691174e-01   1.7112942e-10
   2.0964480e-01   1.7023741e-10
   2.1241397e-01   1.6935138e-10
   2.1521971e-01   1.6847126e-10
   2.1806251e-01   1.6759700e-10
   2.2094286e-01   1.6672851e-10
   2.2386126e-01   1.6586575e-10
   2.2681821e-01   1.6500866e-10
   2.2981421e-01   1.6415716e-10
   2.3284979e-01   1.6331120e-10
   2.3592547e-01   1.6247071e-10
   2.3904177e-01   1.6163563e-10
   2.4219924e-01   1.6080591e-10
   2.4539841e-01   1.5998147e-10
   2.4863983e-01   1.5916227e-10
   2.5192408e-01   1.5834823e-10
   2.5525170e-01   1.5753929e-10
   2.5862328e-01   1.5673540e-10
   2.6203939e-01   1.5593649e-10
   2.6550063e-01   1.5514251e-10
   2.6900759e-01   1.5435339e-10
   2.7256086e-01   1.5356906e-10
   2.7616108e-01   1.5278949e-10
   2.7980884e-01   1.5201459e-10
   2.8350479e-01   1.5124432e-10
   2.8724956e-01   1.5047860e-10
   2.9104380e-01   1.4971740e-10
   2.9488815e-01   1.4896063e-10
   2.9878328e-01   1.4820825e-10
   3.0272986e-01   1.4746020e-10
   3.0672857e-01   1.4671642e-10
   3.1078010e-01   1.4597685e-10
   3.1488514e-01   1.4524143e-10
   3.1904441e-01   1.4451011e-10
   3.2325862e-01   1.4378282e-10
   3.2752849e-01   1.4305952e-10
   3.3185476e-01   1.4234014e-10
   3.3623817e-01   1.4162464e-10
   3.4067949e-01   1.4091295e-10
   3.4517947e-01   1.4020502e-10
   3.4973889e-01   1.3950079e-10
   3.5435854e-01   1.3880022e-10
   3.5903920e-01   1.3810325e-10
   3.6378169e-01   1.3740983e-10
   3.6858683e-01   1.3671991e-10
   3.7345543e-01   1.3603343e-10
   3.7838834e-01   1.3535034e-10
   3.8338641e-01   1.3467060e-10
   3.8845050e-01   1.3399416e-10
   3.9358148e-01   1.3332098e-10
   3.9878024e-01   1.3265099e-10
   4.0404766e-01   1.3198417e-10
   4.0938466e-01   1.3132047e-10
   4.1479216e-01   1.3065984e-10
   4.2027108e-01   1.3000224e-10
   4.2582238e-01   1.2934764e-10
   4.3144699e-01   1.2869600e-10
   4.3714591e-01   1.2804727e-10
   4.4292010e-01   1.2740144e-10
   4.4877056e-01   1.2675845e-10
   4.5469830e-01   1.2611829e-10
   4.6070433e-01   1.2548093e-10
   4.6678970e-01   1.2484633e-10
   4.7295545e-01   1.2421449e-10
   4.7920265e-01   1.2358537e-10
   4.8553236e-01   1.2295895e-10
   4.9194568e-01   1.2233524e-10
   4.9844371e-01   1.2171420e-10
   5.0502757e-01   1.2109584e-10
   5.1169840e-01   1.2048015e-10
   5.1845734e-01   1.1986713e-10
   5.2530556e-01   1.1925679e-10
   5.3224424e-01   1.1864913e-10
   5.3927457e-01   1.1804416e-10
   5.4639776e-01   1.1744191e-10
   5.5361504e-01   1.1684239e-10
   5.6092765e-01   1.1624563e-10
   5.6833685e-01   1.1565168e-10
   5.7584392e-01   1.1506057e-10
   5.8345015e-01   1.1447234e-10
   5.9115685e-01   1.1388706e-10
   5.9896535e-01   1.1330479e-10
   6.0687699e-01   1.1272559e-10
   6.1489313e-01   1.1214955e-10
   6.2301515e-01   1.1157675e-10
   6.3124446e-01   1.1100729e-10
   6.3958246e-01   1.1044129e-10
   6.4803061e-01   1.0987885e-10
   6.5659034e-01   1.0932011e-10
   6.6526314e-01   1.0876521e-10
   6.7405049e-01   1.0821431e-10
   6.8295391e-01   1.0766758e-10
   6.9197494e-01   1.0712519e-10
   7.0111513e-01   1.0658735e-10
   7.1037605e-01   1.0605427e-10
   7.1975929e-01   1.0552618e-10
   7.2926647e-01   1.0500333e-10
   7.3889924e-01   1.0448600e-10
   7.4865924e-01   1.0397445e-10
   7.5854816e-01   1.0346901e-10
   7.6856770e-01   1.0297001e-10
   7.7871959e-01   1.0247780e-10
   7.8900557e-01   1.0199275e-10
   7.9942742e-01   1.0151527e-10
   8.0998692e-01   1.0104580e-10
   8.2068591e-01   1.0058478e-10
   8.3152622e-01   1.0013271e-10
   8.4250972e-01   9.9690116e-11
   8.5363829e-01   9.9257536e-11
   8.6491386e-01   9.8835560e-11
   8.7633837e-01   9.8424809e-11
   8.8791378e-01   9.8025941e-11
   8.9964210e-01   9.7639649e-11
   9.1152532e-01   9.7266668e-11
   9.2356552e-01   9.6907775e-11
   9.3576474e-01   9.6563786e-11
   9.4812511e-01   9.6235562e-11
   9.6064874e-01   9.5924011e-11
   9.7333780e-01   9.5630084e-11
   9.8619446e-01   9.5354781e-11
   9.9922094e-01   9.5099149e-11
   1.0124195e+00   9.4864285e-11
   1.0257924e+00   9.4651337e-11
   1.0393419e+00   9.4461500e-11
   1.0530704e+00   9.4296023e-11
   1.0669802e+00   9.4156204e-11
   1.0810738e+00   9.4043392e-11
   1.0953535e+00   9.3958989e-11
   1.1098219e+00   9.3904442e-11
   1.1244814e+00   9.3881253e-11
   1.1393344e+00   9.3890966e-11
   1.1543837e+00   9.3935176e-11
   1.1696318e+00   9.4015519e-11
   1.1850813e+00   9.4133675e-11
   1.2007348e+00   9.4291364e-11
   1.2165951e+00   9.4490342e-11
   1.2326650e+00   9.4732399e-11
   1.2489470e+00   9.5019357e-11
   1.2654442e+00   9.5353061e-11
   1.2821592e+00   9.5735383e-11
   1.2990951e+00   9.6168211e-11
   1.3162546e+00   9.6653449e-11
   1.3336408e+00   9.7193008e-11
   1.3512566e+00   9.7788808e-11
   1.3691052e+00   9.8442769e-11
   1.3871895e+00   9.9156808e-11
   1.4055126e+00   9.9932834e-11
   1.4240778e+00   1.0077275e-10
   1.4428882e+00   1.0167843e-10
   1.4619471e+00   1.0265174e-10
   1.4812577e+00   1.0369454e-10
   1.5008234e+00   1.0480864e-10
   1.5206476e+00   1.0599583e-10
   1.5407335e+00   1.0725788e-10
   1.5610848e+00   1.0859654e-10
   1.5817050e+00   1.1001351e-10
   1.6025975e+00   1.1151048e-10
   1.6237659e+00   1.1308910e-10
   1.6452140e+00   1.1475099e-10
   1.6669453e+00   1.1649777e-10
   1.6889638e+00   1.1833100e-10
   1.7112730e+00   1.2025225e-10
   1.7338769e+00   1.2226305e-10
   1.7567794e+00   1.2436493e-10
   1.7799845e+00   1.2655940e-10
   1.8034960e+00   1.2884797e-10
   1.8273181e+00   1.3123214e-10
   1.8514548e+00   1.3371342e-10
   1.8759104e+00   1.3629330e-10
   1.9006890e+00   1.3897331e-10
   1.9257949e+00   1.4175497e-10
   1.9512324e+00   1.4463983e-10
   1.9770059e+00   1.4762945e-10
   2.0031199e+00   1.5072544e-10
   2.0295788e+00   1.5392941e-10
   2.0563871e+00   1.5724302e-10
   2.0835496e+00   1.6066797e-10
   2.1110709e+00   1.6420599e-10
   2.1389557e+00   1.6785887e-10
   2.1672088e+00   1.7162843e-10
   2.1958351e+00   1.7551656e-10
   2.2248396e+00   1.7952520e-10
   2.2542271e+00   1.8365635e-10
   2.2840028e+00   1.8791206e-10
   2.3141719e+00   1.9229446e-10
   2.3447394e+00   1.9680574e-10
   2.3757107e+00   2.0144816e-10
   2.4070911e+00   2.0622406e-10
   2.4388859e+00   2.1113586e-10
   2.4711008e+00   2.1618603e-10
   2.5037412e+00   2.2137715e-10
   2.5368127e+00   2.2671187e-10
   2.5703210e+00   2.3219293e-10
   2.6042720e+00   2.3782316e-10
   2.6386714e+00   2.4360547e-10
   2.6735252e+00   2.4954288e-10
   2.7088393e+00   2.5563848e-10
   2.7446200e+00   2.6189549e-10
   2.7808732e+00   2.6831719e-10
   2.8176053e+00   2.7490701e-10
   2.8548226e+00   2.8166843e-10
   2.8925315e+00   2.8860509e-10
   2.9307385e+00   2.9572069e-10
   2.9694501e+00   3.0301909e-10
   3.0086731e+00   3.1050422e-10
   3.0484142e+00   3.1818016e-10
   3.0886802e+00   3.2605110e-10
   3.1294781e+00   3.3412134e-10
   3.1708149e+00   3.4239532e-10
   3.2126977e+00   3.5087760e-10
   3.2551337e+00   3.5957288e-10
   3.2981302e+00   3.6848599e-10
   3.3416947e+00   3.7762189e-10
   3.3858346e+00   3.8698569e-10
   3.4305575e+00   3.9658263e-10
   3.4758712e+00   4.0641813e-10
   3.5217835e+00   4.1649771e-10
   3.5683021e+00   4.2682709e-10
   3.6154353e+00   4.3741213e-10
   3.6631910e+00   4.4825884e-10
   3.7115775e+00   4.5937341e-10
   3.7606031e+00   4.7076220e-10
   3.8102763e+00   4.8243174e-10
   3.8606056e+00   4.9438873e-10
   3.9115997e+00   5.0664007e-10
   3.9632674e+00   5.1919283e-10
   4.0156176e+00   5.3205428e-10
   4.0686592e+00   5.4523188e-10
   4.1224015e+00   5.5873329e-10
   4.1768537e+00   5.7256639e-10
   4.2320250e+00   5.8673926e-10
   4.2879252e+00   6.0126018e-10
   4.3445637e+00   6.1613769e-10
   4.4019503e+00   6.3138053e-10
   4.4600950e+00   6.4699767e-10
   4.5190077e+00   6.6299833e-10
   4.5786985e+00   6.7939198e-10
   4.6391778e+00   6.9618833e-10
   4.7004560e+00   7.1339735e-10
   4.7625435e+00   7.3102927e-10
   4.8254512e+00   7.4909460e-10
   4.8891898e+00   7.6760412e-10
   4.9537703e+00   7.8656891e-10
   5.0192039e+00   8.0600032e-10
   5.0855018e+00   8.2591002e-10
   5.1526753e+00   8.4630997e-10
   5.2207362e+00   8.6721245e-10
   5.2896961e+00   8.8863008e-10
   5.3595668e+00   9.1057579e-10
   5.4303605e+00   9.3306286e-10
   5.5020892e+00   9.5610492e-10
   5.5747654e+00   9.7971596e-10
   5.6484016e+00   1.0039103e-09
   5.7230105e+00   1.0287028e-09
   5.7986048e+00   1.0541084e-09
   5.8751976e+00   1.0801428e-09
   5.9528022e+00   1.1068217e-09
   6.0314318e+00   1.1341617e-09
   6.1111000e+00   1.1621794e-09
   6.1918205e+00   1.1908920e-09
   6.2736073e+00   1.2203173e-09
   6.3564744e+00   1.2504734e-09
   6.4404360e+00   1.2813788e-09
   6.5255067e+00   1.3130526e-09
   6.6117011e+00   1.3455146e-09
   6.6990340e+00   1.3787847e-09
   6.7875204e+00   1.4128835e-09
   6.8771757e+00   1.4478324e-09
   6.9680152e+00   1.4836530e-09
   7.0600546e+00   1.5203676e-09
   7.1533097e+00   1.5579992e-09
   7.2477966e+00   1.5965711e-09
   7.3435316e+00   1.6361076e-09
   7.4405311e+00   1.6766334e-09
   7.5388119e+00   1.7181738e-09
   7.6383909e+00   1.7607550e-09
   7.7392852e+00   1.8044036e-09
   7.8415121e+00   1.8491472e-09
   7.9450894e+00   1.8950138e-09
   8.0500348e+00   1.9420325e-09
   8.1563664e+00   1.9902329e-09
   8.2641026e+00   2.0396454e-09
   8.3732618e+00   2.0903013e-09
   8.4838629e+00   2.1422326e-09
   8.5959248e+00   2.1954724e-09
   8.7094670e+00   2.2500543e-09
   8.8245090e+00   2.3060130e-09
   8.9410705e+00   2.3633842e-09
   9.0591717e+00   2.4222043e-09
   9.1788328e+00   2.4825109e-09
   9.3000745e+00   2.5443424e-09
   9.4229177e+00   2.6077382e-09
   9.5473835e+00   2.6727390e-09
   9.6734934e+00   2.7393862e-09
   9.8012690e+00   2.8077227e-09
   9.9307324e+00   2.8777921e-09
   1.0061906e+01   2.9496396e-09
   1.0194812e+01   3.0233111e-09
   1.0329474e+01   3.0988541e-09
   1.0465914e+01   3.1763172e-09
   1.0604157e+01   3.2557502e-09
   1.0744225e+01   3.3372045e-09
   1.0886144e+01   3.4207326e-09
   1.1029937e+01   3.5063883e-09
   1.1175630e+01   3.5942272e-09
   1.1323247e+01   3.6843060e-09
   1.1472814e+01   3.7766830e-09
   1.1624356e+01   3.8714181e-09
   1.1777901e+01   3.9685729e-09
   1.1933473e+01   4.0682103e-09
   1.2091100e+01   4.1703951e-09
   1.2250810e+01   4.2751938e-09
   1.2412629e+01   4.3826746e-09
   1.2576585e+01   4.4929075e-09
   1.2742707e+01   4.6059643e-09
   1.2911024e+01   4.7219189e-09
   1.3081563e+01   4.8408469e-09
   1.3254356e+01   4.9628261e-09
   1.3429430e+01   5.0879362e-09
   1.3606817e+01   5.2162592e-09
   1.3786548e+01   5.3478790e-09
   1.3968652e+01   5.4828820e-09
   1.4153162e+01   5.6213567e-09
   1.4340109e+01   5.7633941e-09
   1.4529525e+01   5.9090874e-09
   1.4721443e+01   6.0585325e-09
   1.4915896e+01   6.2118276e-09
   1.5112918e+01   6.3690738e-09
   1.5312542e+01   6.5303745e-09
   1.5514803e+01   6.6958363e-09
   1.5719735e+01   6.8655683e-09
   1.5927375e+01   7.0396825e-09
   1.6137757e+01   7.2182940e-09
   1.6350918e+01   7.4015209e-09
   1.6566895e+01   7.5894846e-09
   1.6785724e+01   7.7823093e-09
   1.7007444e+01   7.9801230e-09
   1.7232093e+01   8.1830568e-09
   1.7459709e+01   8.3912453e-09
   1.7690331e+01   8.6048269e-09
   1.7924000e+01   8.8239434e-09
   1.8160755e+01   9.0487404e-09
   1.8400637e+01   9.2793677e-09
   1.8643689e+01   9.5159787e-09
   1.8889950e+01   9.7587312e-09
   1.9139464e+01   1.0007787e-08
   1.9392274e+01   1.0263312e-08
   1.9648424e+01   1.0525477e-08
   1.9907957e+01   1.0794457e-08
   2.0170918e+01   1.1070433e-08
   2.0437352e+01   1.1353588e-08
   2.0707306e+01   1.1644112e-08
   2.0980825e+01   1.1942199e-08
   2.1257958e+01   1.2248051e-08
   2.1538751e+01   1.2561871e-08
   2.1823253e+01   1.2883870e-08
   2.2111512e+01   1.3214265e-08
   2.2403580e+01   1.3553278e-08
   2.2699505e+01   1.3901137e-08
   2.2999339e+01   1.4258075e-08
   2.3303134e+01   1.4624334e-08
   2.3610941e+01   1.5000159e-08
   2.3922814e+01   1.5385805e-08
   2.4238807e+01   1.5781532e-08
   2.4558973e+01   1.6187607e-08
   2.4883369e+01   1.6604304e-08
   2.5212049e+01   1.7031906e-08
   2.5545071e+01   1.7470701e-08
   2.5882492e+01   1.7920987e-08
   2.6224370e+01   1.8383069e-08
   2.6570763e+01   1.8857259e-08
   2.6921732e+01   1.9343881e-08
   2.7277337e+01   1.9843265e-08
   2.7637639e+01   2.0355749e-08
   2.8002700e+01   2.0881683e-08
   2.8372583e+01   2.1421424e-08
   2.8747352e+01   2.1975341e-08
   2.9127071e+01   2.2543809e-08
   2.9511806e+01   2.3127219e-08
   2.9901623e+01   2.3725966e-08
   3.0296589e+01   2.4340462e-08
   3.0696771e+01   2.4971125e-08
   3.1102240e+01   2.5618387e-08
   3.1513065e+01   2.6282692e-08
   3.1929316e+01   2.6964495e-08
   3.2351065e+01   2.7664263e-08
   3.2778385e+01   2.8382477e-08
   3.3211349e+01   2.9119630e-08
   3.3650033e+01   2.9876229e-08
   3.4094511e+01   3.0652795e-08
   3.4544859e+01   3.1449862e-08
   3.5001157e+01   3.2267980e-08
   3.5463482e+01   3.3107713e-08
   3.5931913e+01   3.3969641e-08
   3.6406532e+01   3.4854360e-08
   3.6887420e+01   3.5762483e-08
   3.7374660e+01   3.6694636e-08
   3.7868336e+01   3.7651468e-08
   3.8368533e+01   3.8633641e-08
   3.8875336e+01   3.9641838e-08
   3.9388834e+01   4.0676759e-08
   3.9909115e+01   4.1739124e-08
   4.0436268e+01   4.2829673e-08
   4.0970384e+01   4.3949167e-08
   4.1511556e+01   4.5098387e-08
   4.2059875e+01   4.6278136e-08
   4.2615437e+01   4.7489238e-08
   4.3178338e+01   4.8732542e-08
   4.3748674e+01   5.0008919e-08
   4.4326543e+01   5.1319265e-08
   4.4912045e+01   5.2664500e-08
   4.5505281e+01   5.4045570e-08
   4.6106353e+01   5.5463448e-08
   4.6715364e+01   5.6919134e-08
   4.7332420e+01   5.8413655e-08
   4.7957626e+01   5.9948066e-08
   4.8591091e+01   6.1523455e-08
   4.9232923e+01   6.3140937e-08
   4.9883233e+01   6.4801660e-08
   5.0542132e+01   6.6506803e-08
   5.1209735e+01   6.8257580e-08
   5.1886156e+01   7.0055237e-08
   5.2571512e+01   7.1901058e-08
   5.3265921e+01   7.3796360e-08
   5.3969502e+01   7.5742501e-08
   5.4682376e+01   7.7740873e-08
   5.5404667e+01   7.9792912e-08
   5.6136498e+01   8.1900092e-08
   5.6877996e+01   8.4063930e-08
   5.7629289e+01   8.6285986e-08
   5.8390505e+01   8.8567864e-08
   5.9161776e+01   9.0911217e-08
   5.9943234e+01   9.3317740e-08
   6.0735015e+01   9.5789182e-08
   6.1537254e+01   9.8327339e-08
   6.2350089e+01   1.0093406e-07
   6.3173662e+01   1.0361125e-07
   6.4008112e+01   1.0636086e-07
   6.4853585e+01   1.0918491e-07
   6.5710226e+01   1.1208547e-07
   6.6578182e+01   1.1506468e-07
   6.7457602e+01   1.1812473e-07
   6.8348639e+01   1.2126787e-07
   6.9251445e+01   1.2449644e-07
   7.0166176e+01   1.2781283e-07
   7.1092990e+01   1.3121950e-07
   7.2032046e+01   1.3471899e-07
   7.2983506e+01   1.3831392e-07
   7.3947533e+01   1.4200696e-07
   7.4924294e+01   1.4580090e-07
   7.5913957e+01   1.4969859e-07
   7.6916692e+01   1.5370295e-07
   7.7932673e+01   1.5781702e-07
   7.8962073e+01   1.6204391e-07
   8.0005070e+01   1.6638683e-07
   8.1061844e+01   1.7084909e-07
   8.2132577e+01   1.7543409e-07
   8.3217453e+01   1.8014534e-07
   8.4316659e+01   1.8498646e-07
   8.5430384e+01   1.8996117e-07
   8.6558821e+01   1.9507331e-07
   8.7702162e+01   2.0032684e-07
   8.8860606e+01   2.0572583e-07
   9.0034351e+01   2.1127450e-07
   9.1223601e+01   2.1697717e-07
   9.2428559e+01   2.2283831e-07
   9.3649433e+01   2.2886253e-07
   9.4886433e+01   2.3505457e-07
   9.6139772e+01   2.4141934e-07
   9.7409667e+01   2.4796189e-07
   9.8696336e+01   2.5468742e-07
