   1.0490000e-03   5.4944820e-15
   1.1830000e-03   5.4944820e-15
   1.3350000e-03   5.4944820e-15
   1.5070000e-03   5.4944820e-15
   1.7000000e-03   5.4944820e-15
   1.9180000e-03   5.4944820e-15
   2.1640000e-03   5.4944820e-15
   2.4420000e-03   5.4944820e-15
   2.7560000e-03   5.4944820e-15
   3.1100000e-03   5.4944820e-15
   3.5090000e-03   5.4944820e-15
   3.9600000e-03   5.4944820e-15
   4.4680000e-03   5.4944820e-15
   5.0420000e-03   5.4944820e-15
   5.6890000e-03   5.4944820e-15
   6.4190000e-03   5.4944820e-15
   7.2430000e-03   5.4944820e-15
   8.1730000e-03   5.4944820e-15
   9.2230000e-03   5.4944820e-15
   1.0407000e-02   5.4944820e-15
   1.1743000e-02   5.4944820e-15
   1.3251000e-02   5.4944820e-15
   1.4952000e-02   5.4944820e-15
   1.6871000e-02   5.4944820e-15
   1.9038000e-02   5.4944820e-15
   2.1482000e-02   5.4944820e-15
   2.4240000e-02   5.4944820e-15
   2.7352000e-02   5.4944820e-15
   3.0864000e-02   5.4944820e-15
   3.4826000e-02   5.4944820e-15
   3.9298000e-02   5.4944820e-15
   4.4343000e-02   5.4944820e-15
   5.0036000e-02   5.4944820e-15
   5.6460000e-02   5.4944820e-15
   6.3709000e-02   5.4944820e-15
   7.1889000e-02   5.4944820e-15
   8.1119000e-02   5.4944820e-15
   9.1533000e-02   5.4944820e-15
   1.0328500e-01   5.4944820e-15
   1.1654600e-01   5.4944820e-15
   1.3150800e-01   5.4944820e-15
   1.4838800e-01   5.8780160e-15
   1.6543200e-01   5.6830140e-15
   1.8667200e-01   5.6830140e-15
   2.1063900e-01   5.6830140e-15
   2.3767900e-01   5.8780160e-15
   2.6819400e-01   5.8780160e-15
   2.9898800e-01   6.0797090e-15
   3.3736900e-01   6.2883220e-15
   3.7610000e-01   6.7272700e-15
   4.2437200e-01   7.1968570e-15
   4.7309100e-01   7.6992230e-15
   5.2739400e-01   8.5192810e-15
   5.7389600e-01   9.4266850e-15
   6.4754400e-01   1.0430740e-14
   7.1320300e-01   1.1541730e-14
   7.8550600e-01   1.3209280e-14
   8.6514000e-01   1.5117750e-14
   9.6442400e-01   1.7301960e-14
   1.0621970e+00   1.9801740e-14
   1.1698800e+00   2.2662680e-14
   1.2884810e+00   2.5936980e-14
   1.4191300e+00   2.8699570e-14
   1.5629990e+00   3.2846080e-14
   1.7214220e+00   3.8881550e-14
   1.9189770e+00   4.4499140e-14
   2.1134820e+00   5.2675870e-14
   2.3277430e+00   6.0286460e-14
   2.5636800e+00   7.1364110e-14
   2.8235810e+00   8.1674770e-14
   3.1098300e+00   9.3475110e-14
   3.4250990e+00   1.0698040e-13
   3.7269710e+00   1.2663800e-13
   4.1048050e+00   1.4493460e-13
   4.5209420e+00   1.6587470e-13
   4.9792670e+00   1.8984020e-13
   5.4840560e+00   2.1726830e-13
   6.0400200e+00   2.4865910e-13
   6.5723590e+00   2.9435030e-13
   7.3266190e+00   3.3687790e-13
   8.0693790e+00   3.8554990e-13
   8.8872800e+00   4.5639480e-13
   9.6707340e+00   5.2233450e-13
   1.0651135e+01   5.9780120e-13
   1.1730720e+01   7.0764730e-13
   1.2919960e+01   8.0988790e-13
   1.4229509e+01   9.5870500e-13
   1.5672349e+01   1.0608180e-12
   1.7260878e+01   1.2557440e-12
   1.9010417e+01   1.4864870e-12
   2.0938030e+01   1.6448160e-12
   2.3060689e+01   1.8824580e-12
   2.5398090e+01   2.2283600e-12
   2.7637046e+01   2.5503130e-12
   3.0438840e+01   2.9187810e-12
   3.3524674e+01   3.3404850e-12
   3.6480025e+01   3.8231170e-12
   4.0177592e+01   4.5256160e-12
