   1.1114000e-03   3.6039300e-13
   1.1249100e-03   3.6039300e-13
   1.1385800e-03   3.6039300e-13
   1.1524200e-03   3.6039300e-13
   1.1664400e-03   3.4843700e-13
   1.1806200e-03   3.4843700e-13
   1.1949600e-03   3.4843700e-13
   1.2094900e-03   3.4843700e-13
   1.2241800e-03   3.4843700e-13
   1.2390600e-03   3.4843700e-13
   1.2541200e-03   3.4843700e-13
   1.2693600e-03   3.4843700e-13
   1.2847800e-03   3.4843700e-13
   1.3004000e-03   3.4843700e-13
   1.3162200e-03   3.3687800e-13
   1.3322200e-03   3.3687800e-13
   1.3484100e-03   3.3687800e-13
   1.3648000e-03   3.3687800e-13
   1.3813800e-03   3.3687800e-13
   1.3981700e-03   3.3687800e-13
   1.4151600e-03   3.3687800e-13
   1.4323800e-03   3.2570200e-13
   1.4497900e-03   3.2570200e-13
   1.4674100e-03   3.2570200e-13
   1.4852400e-03   3.2570200e-13
   1.5032900e-03   3.2570200e-13
   1.5215800e-03   3.1489700e-13
   1.5400800e-03   3.1489700e-13
   1.5587900e-03   3.1489700e-13
   1.5777300e-03   3.1489700e-13
   1.5969100e-03   3.1489700e-13
   1.6163100e-03   3.1489700e-13
   1.6359600e-03   3.1489700e-13
   1.6558400e-03   3.1489700e-13
   1.6759600e-03   3.1489700e-13
   1.6963300e-03   3.1489700e-13
   1.7169700e-03   3.0445000e-13
   1.7378400e-03   3.0445000e-13
   1.7589500e-03   3.0445000e-13
   1.7803300e-03   3.0445000e-13
   1.8019700e-03   3.0445000e-13
   1.8238600e-03   3.0445000e-13
   1.8460300e-03   3.0445000e-13
   1.8684900e-03   2.9435000e-13
   1.8912000e-03   2.9435000e-13
   1.9141800e-03   2.9435000e-13
   1.9374500e-03   2.9435000e-13
   1.9609900e-03   2.9435000e-13
   1.9848200e-03   2.9435000e-13
   2.0089800e-03   2.8458500e-13
   2.0333900e-03   2.8458500e-13
   2.0581000e-03   2.8458500e-13
   2.0831100e-03   2.8458500e-13
   2.1084300e-03   2.8458500e-13
   2.1340500e-03   2.8458500e-13
   2.1599800e-03   2.8458500e-13
   2.1862300e-03   2.8458500e-13
   2.2128000e-03   2.8458500e-13
   2.2397300e-03   2.7514400e-13
   2.2669500e-03   2.7514400e-13
   2.2945000e-03   2.7514400e-13
   2.3223800e-03   2.7514400e-13
   2.3506000e-03   2.7514400e-13
   2.3791700e-03   2.7514400e-13
   2.4080800e-03   2.7514400e-13
   2.4373400e-03   2.7514400e-13
   2.4670100e-03   2.6601600e-13
   2.4969900e-03   2.6601600e-13
   2.5273300e-03   2.6601600e-13
   2.5580500e-03   2.6601600e-13
   2.5891300e-03   2.6601600e-13
   2.6206400e-03   2.5719100e-13
   2.6524900e-03   2.5719100e-13
   2.6847200e-03   2.5719100e-13
   2.7173500e-03   2.5719100e-13
   2.7503700e-03   2.5719100e-13
   2.7837900e-03   2.5719100e-13
   2.8176200e-03   2.5719100e-13
   2.8518700e-03   2.5719100e-13
   2.8865200e-03   2.5719100e-13
   2.9216000e-03   2.5719100e-13
   2.9571600e-03   2.4865900e-13
   2.9930900e-03   2.4865900e-13
   3.0294700e-03   2.4865900e-13
   3.0662800e-03   2.4865900e-13
   3.1035400e-03   2.4865900e-13
   3.1412600e-03   2.4865900e-13
   3.1794900e-03   2.4041000e-13
   3.2181300e-03   2.4041000e-13
   3.2572400e-03   2.4041000e-13
   3.2968200e-03   2.4041000e-13
   3.3368800e-03   2.4041000e-13
   3.3774400e-03   2.4041000e-13
   3.4185400e-03   2.3243400e-13
   3.4600800e-03   2.3243400e-13
   3.5021300e-03   2.3243400e-13
   3.5446900e-03   2.3243400e-13
   3.5877700e-03   2.3243400e-13
   3.6313700e-03   2.3243400e-13
   3.6755000e-03   2.3243400e-13
   3.7201600e-03   2.3243400e-13
   3.7653700e-03   2.3243400e-13
   3.8111300e-03   2.3243400e-13
   3.8574400e-03   2.3243400e-13
   3.9043900e-03   2.2472300e-13
   3.9518400e-03   2.2472300e-13
   3.9998600e-03   2.2472300e-13
   4.0484700e-03   2.2472300e-13
   4.0977400e-03   2.1726800e-13
   4.1475400e-03   2.1726800e-13
   4.1979400e-03   2.1726800e-13
   4.2489600e-03   2.1726800e-13
   4.3005900e-03   2.1726800e-13
   4.3528500e-03   2.1726800e-13
   4.4057500e-03   2.1726800e-13
   4.4592900e-03   2.1726800e-13
   4.5135600e-03   2.1006000e-13
   4.5684100e-03   2.1006000e-13
   4.6239300e-03   2.1006000e-13
   4.6801200e-03   2.1006000e-13
   4.7370000e-03   2.1006000e-13
   4.7945600e-03   2.1006000e-13
   4.8528300e-03   2.1006000e-13
   4.9118000e-03   2.1006000e-13
   4.9714900e-03   2.1006000e-13
   5.0320000e-03   2.0309200e-13
   5.0931500e-03   2.0309200e-13
   5.1550400e-03   2.0309200e-13
   5.2176900e-03   2.0309200e-13
   5.2810900e-03   2.0309200e-13
   5.3452700e-03   2.0309200e-13
   5.4102300e-03   2.0309200e-13
   5.4760700e-03   1.9635400e-13
   5.5426200e-03   1.9635400e-13
   5.6099800e-03   1.9635400e-13
   5.6781500e-03   1.9635400e-13
   5.7471500e-03   1.9635400e-13
   5.8170000e-03   1.9635400e-13
   5.8877900e-03   1.8984000e-13
   5.9593400e-03   1.8984000e-13
   6.0317600e-03   1.8984000e-13
   6.1050600e-03   1.8984000e-13
   6.1792500e-03   1.8984000e-13
   6.2543400e-03   1.8984000e-13
   6.3303500e-03   1.8984000e-13
   6.4072800e-03   1.8984000e-13
   6.4851400e-03   1.8984000e-13
   6.5640700e-03   1.8354200e-13
   6.6438400e-03   1.8354200e-13
   6.7245800e-03   1.8354200e-13
   6.8063000e-03   1.8354200e-13
   6.8890100e-03   1.8354200e-13
   6.9727300e-03   1.8354200e-13
   7.0574600e-03   1.8354200e-13
   7.1433500e-03   1.7745300e-13
   7.2301600e-03   1.7745300e-13
   7.3180300e-03   1.7745300e-13
   7.4069600e-03   1.7745300e-13
   7.4969700e-03   1.7745300e-13
   7.5882100e-03   1.7156600e-13
   7.6804200e-03   1.7156600e-13
   7.7737600e-03   1.7156600e-13
   7.8682300e-03   1.7156600e-13
   7.9638500e-03   1.7156600e-13
   8.0606300e-03   1.7156600e-13
   8.1585800e-03   1.7156600e-13
   8.2577300e-03   1.7156600e-13
   8.3580800e-03   1.7156600e-13
   8.4596500e-03   1.7156600e-13
   8.5624600e-03   1.7156600e-13
   8.6666600e-03   1.6587500e-13
   8.7719800e-03   1.6587500e-13
   8.8785800e-03   1.6587500e-13
   8.9864800e-03   1.6587500e-13
   9.0956900e-03   1.6587500e-13
   9.2062200e-03   1.6587500e-13
   9.3182600e-03   1.6037200e-13
   9.4315000e-03   1.6037200e-13
   9.5461200e-03   1.6037200e-13
   9.6621300e-03   1.6037200e-13
   9.7795400e-03   1.6037200e-13
   9.8983900e-03   1.6037200e-13
   1.0020000e-02   1.5505200e-13
   1.0140000e-02   1.5505200e-13
   1.0260000e-02   1.5505200e-13
   1.0390000e-02   1.5505200e-13
   1.0510000e-02   1.5505200e-13
   1.0640000e-02   1.5505200e-13
   1.0770000e-02   1.5505200e-13
   1.0900000e-02   1.5505200e-13
   1.1040000e-02   1.5505200e-13
   1.1170000e-02   1.5505200e-13
   1.1310000e-02   1.4990800e-13
   1.1440000e-02   1.4990800e-13
   1.1580000e-02   1.4990800e-13
   1.1720000e-02   1.4990800e-13
   1.1870000e-02   1.4990800e-13
   1.2010000e-02   1.4990800e-13
   1.2160000e-02   1.4493500e-13
   1.2300000e-02   1.4493500e-13
   1.2450000e-02   1.4493500e-13
   1.2600000e-02   1.4493500e-13
   1.2760000e-02   1.4493500e-13
   1.2910000e-02   1.4493500e-13
   1.3070000e-02   1.4012600e-13
   1.3230000e-02   1.4012600e-13
   1.3390000e-02   1.4012600e-13
   1.3550000e-02   1.4012600e-13
   1.3720000e-02   1.4012600e-13
   1.3880000e-02   1.4012600e-13
   1.4050000e-02   1.4012600e-13
   1.4220000e-02   1.4012600e-13
   1.4400000e-02   1.4012600e-13
   1.4570000e-02   1.4012600e-13
   1.4750000e-02   1.4012600e-13
   1.4930000e-02   1.3547800e-13
   1.5110000e-02   1.3547800e-13
   1.5290000e-02   1.3547800e-13
   1.5480000e-02   1.3547800e-13
   1.5670000e-02   1.3547800e-13
   1.5860000e-02   1.3547800e-13
   1.6050000e-02   1.3098300e-13
   1.6240000e-02   1.3098300e-13
   1.6440000e-02   1.3098300e-13
   1.6640000e-02   1.3098300e-13
   1.6840000e-02   1.3098300e-13
   1.7050000e-02   1.3098300e-13
   1.7260000e-02   1.2663800e-13
   1.7470000e-02   1.2663800e-13
   1.7680000e-02   1.2663800e-13
   1.7890000e-02   1.2663800e-13
   1.8110000e-02   1.2663800e-13
   1.8330000e-02   1.2663800e-13
   1.8550000e-02   1.2663800e-13
   1.8780000e-02   1.2663800e-13
   1.9010000e-02   1.2663800e-13
   1.9240000e-02   1.2243700e-13
   1.9470000e-02   1.2243700e-13
   1.9710000e-02   1.2243700e-13
   1.9950000e-02   1.2243700e-13
   2.0190000e-02   1.2243700e-13
   2.0440000e-02   1.2243700e-13
   2.0680000e-02   1.2243700e-13
   2.0940000e-02   1.1837500e-13
   2.1190000e-02   1.1837500e-13
   2.1450000e-02   1.1837500e-13
   2.1710000e-02   1.1837500e-13
   2.1970000e-02   1.1837500e-13
   2.2240000e-02   1.1837500e-13
   2.2510000e-02   1.1444800e-13
   2.2780000e-02   1.1444800e-13
   2.3060000e-02   1.1444800e-13
   2.3340000e-02   1.1444800e-13
   2.3620000e-02   1.1444800e-13
   2.3910000e-02   1.1444800e-13
   2.4200000e-02   1.1444800e-13
   2.4500000e-02   1.1444800e-13
   2.4790000e-02   1.1444800e-13
   2.5090000e-02   1.1444800e-13
   2.5400000e-02   1.1065100e-13
   2.5710000e-02   1.1065100e-13
   2.6020000e-02   1.1065100e-13
   2.6340000e-02   1.1065100e-13
   2.6660000e-02   1.1065100e-13
   2.6980000e-02   1.1065100e-13
   2.7310000e-02   1.0698000e-13
   2.7640000e-02   1.0698000e-13
   2.7980000e-02   1.0698000e-13
   2.8320000e-02   1.0698000e-13
   2.8660000e-02   1.0698000e-13
   2.9010000e-02   1.0698000e-13
   2.9360000e-02   1.0343100e-13
   2.9720000e-02   1.0343100e-13
   3.0080000e-02   1.0343100e-13
   3.0450000e-02   1.0343100e-13
   3.0820000e-02   1.0343100e-13
   3.1190000e-02   1.0343100e-13
   3.1570000e-02   1.0343100e-13
   3.1950000e-02   1.0343100e-13
   3.2340000e-02   1.0343100e-13
   3.2730000e-02   1.0343100e-13
   3.3130000e-02   1.0000000e-13
   3.3540000e-02   1.0000000e-13
   3.3940000e-02   1.0000000e-13
   3.4360000e-02   1.0000000e-13
   3.4770000e-02   1.0000000e-13
   3.5200000e-02   1.0000000e-13
   3.5620000e-02   1.0000000e-13
   3.6060000e-02   9.6682500e-14
   3.6500000e-02   9.6682500e-14
   3.6940000e-02   9.6682500e-14
   3.7390000e-02   9.6682500e-14
   3.7840000e-02   9.6682500e-14
   3.8300000e-02   9.3475100e-14
   3.8770000e-02   9.3475100e-14
   3.9240000e-02   9.3475100e-14
   3.9720000e-02   9.3475100e-14
   4.0200000e-02   9.3475100e-14
   4.0690000e-02   9.3475100e-14
   4.1180000e-02   9.3475100e-14
   4.1680000e-02   9.3475100e-14
   4.2190000e-02   9.3475100e-14
   4.2700000e-02   9.3475100e-14
   4.3220000e-02   9.0374100e-14
   4.3750000e-02   9.0374100e-14
   4.4280000e-02   9.0374100e-14
   4.4820000e-02   9.0374100e-14
   4.5360000e-02   9.0374100e-14
   4.5910000e-02   9.0374100e-14
   4.6470000e-02   9.0374100e-14
   4.7040000e-02   8.7376000e-14
   4.7610000e-02   8.7376000e-14
   4.8190000e-02   8.7376000e-14
   4.8770000e-02   8.7376000e-14
   4.9360000e-02   8.7376000e-14
   4.9960000e-02   8.7376000e-14
   5.0570000e-02   8.4477300e-14
   5.1190000e-02   8.4477300e-14
   5.1810000e-02   8.4477300e-14
   5.2440000e-02   8.4477300e-14
   5.3080000e-02   8.4477300e-14
   5.3720000e-02   8.4477300e-14
   5.4370000e-02   8.4477300e-14
   5.5030000e-02   8.4477300e-14
   5.5700000e-02   8.4477300e-14
   5.6380000e-02   8.1674800e-14
   5.7070000e-02   8.1674800e-14
   5.7760000e-02   8.1674800e-14
   5.8460000e-02   8.1674800e-14
   5.9170000e-02   8.1674800e-14
   5.9890000e-02   8.1674800e-14
   6.0620000e-02   8.1674800e-14
   6.1360000e-02   7.8965200e-14
   6.2100000e-02   7.8965200e-14
   6.2860000e-02   7.8965200e-14
   6.3620000e-02   7.8965200e-14
   6.4390000e-02   7.8965200e-14
   6.5180000e-02   7.8965200e-14
   6.5970000e-02   7.6345600e-14
   6.6770000e-02   7.6345600e-14
   6.7580000e-02   7.6345600e-14
   6.8400000e-02   7.6345600e-14
   6.9230000e-02   7.6345600e-14
   7.0080000e-02   7.6345600e-14
   7.0930000e-02   7.6345600e-14
   7.1790000e-02   7.6345600e-14
   7.2660000e-02   7.6345600e-14
   7.3550000e-02   7.6345600e-14
   7.4440000e-02   7.3812800e-14
   7.5340000e-02   7.3812800e-14
   7.6260000e-02   7.3812800e-14
   7.7190000e-02   7.3812800e-14
   7.8130000e-02   7.3812800e-14
   7.9070000e-02   7.3812800e-14
   8.0040000e-02   7.1364100e-14
   8.1010000e-02   7.1364100e-14
   8.1990000e-02   7.1364100e-14
   8.2990000e-02   7.1364100e-14
   8.4000000e-02   7.1364100e-14
   8.5020000e-02   7.1364100e-14
   8.6050000e-02   6.8996600e-14
   8.7100000e-02   6.8996600e-14
   8.8160000e-02   6.8996600e-14
   8.9230000e-02   6.8996600e-14
   9.0310000e-02   6.8996600e-14
   9.1410000e-02   6.8996600e-14
   9.2520000e-02   6.8996600e-14
   9.3650000e-02   6.8996600e-14
   9.4790000e-02   6.8996600e-14
   9.5940000e-02   6.6707700e-14
   9.7100000e-02   6.6707700e-14
   9.8280000e-02   6.6707700e-14
   9.9480000e-02   6.6707700e-14
   1.0069000e-01   6.6707700e-14
   1.0191000e-01   6.6707700e-14
   1.0315000e-01   6.6707700e-14
   1.0441000e-01   6.4494700e-14
   1.0567000e-01   6.4494700e-14
   1.0696000e-01   6.4494700e-14
   1.0826000e-01   6.4494700e-14
   1.0957000e-01   6.4494700e-14
   1.1091000e-01   6.4494700e-14
   1.1226000e-01   6.2355100e-14
   1.1362000e-01   6.2355100e-14
   1.1500000e-01   6.2355100e-14
   1.1640000e-01   6.2355100e-14
   1.1781000e-01   6.2355100e-14
   1.1924000e-01   6.2355100e-14
   1.2069000e-01   6.2355100e-14
   1.2216000e-01   6.2355100e-14
   1.2364000e-01   6.2355100e-14
   1.2515000e-01   6.0286500e-14
   1.2667000e-01   6.0286500e-14
   1.2821000e-01   6.0286500e-14
   1.2977000e-01   6.0286500e-14
   1.3134000e-01   6.0286500e-14
   1.3294000e-01   6.0286500e-14
   1.3456000e-01   6.0286500e-14
   1.3619000e-01   6.0286500e-14
   1.3785000e-01   5.8286500e-14
   1.3952000e-01   5.8286500e-14
   1.4122000e-01   5.8286500e-14
   1.4294000e-01   5.8286500e-14
   1.4467000e-01   5.8286500e-14
   1.4643000e-01   5.6352800e-14
   1.4821000e-01   5.6352800e-14
   1.5001000e-01   5.6352800e-14
   1.5184000e-01   5.6352800e-14
   1.5368000e-01   5.6352800e-14
   1.5555000e-01   5.6352800e-14
   1.5744000e-01   5.6352800e-14
   1.5934000e-01   5.6352800e-14
   1.6129000e-01   5.6352800e-14
   1.6325000e-01   5.6352800e-14
   1.6524000e-01   5.4483300e-14
   1.6724000e-01   5.4483300e-14
   1.6928000e-01   5.4483300e-14
   1.7133000e-01   5.4483300e-14
   1.7342000e-01   5.4483300e-14
   1.7552000e-01   5.4483300e-14
   1.7766000e-01   5.4483300e-14
   1.7982000e-01   5.2675900e-14
   1.8200000e-01   5.2675900e-14
   1.8422000e-01   5.2675900e-14
   1.8645000e-01   5.2675900e-14
   1.8872000e-01   5.2675900e-14
   1.9102000e-01   5.0928400e-14
   1.9334000e-01   5.0928400e-14
   1.9569000e-01   5.0928400e-14
   1.9807000e-01   5.0928400e-14
   2.0047000e-01   5.0928400e-14
   2.0291000e-01   5.0928400e-14
   2.0537000e-01   5.0928400e-14
   2.0787000e-01   5.0928400e-14
   2.1040000e-01   5.0928400e-14
   2.1295000e-01   5.0928400e-14
   2.1554000e-01   5.0928400e-14
   2.1816000e-01   5.0928400e-14
   2.2082000e-01   4.9238800e-14
   2.2350000e-01   4.9238800e-14
   2.2622000e-01   4.9238800e-14
   2.2896000e-01   4.9238800e-14
   2.3175000e-01   4.7605300e-14
   2.3457000e-01   4.7605300e-14
   2.3742000e-01   4.7605300e-14
   2.4030000e-01   4.7605300e-14
   2.4322000e-01   4.7605300e-14
   2.4618000e-01   4.7605300e-14
   2.4917000e-01   4.7605300e-14
   2.5220000e-01   4.6026000e-14
   2.5526000e-01   4.6026000e-14
   2.5837000e-01   4.6026000e-14
   2.6151000e-01   4.6026000e-14
   2.6468000e-01   4.6026000e-14
   2.6790000e-01   4.6026000e-14
   2.7116000e-01   4.6026000e-14
   2.7446000e-01   4.6026000e-14
   2.7779000e-01   4.6026000e-14
   2.8117000e-01   4.4499100e-14
   2.8459000e-01   4.4499100e-14
   2.8805000e-01   4.4499100e-14
   2.9155000e-01   4.4499100e-14
   2.9509000e-01   4.4499100e-14
   2.9868000e-01   4.4499100e-14
   3.0231000e-01   4.4499100e-14
   3.0598000e-01   4.4499100e-14
   3.0969000e-01   4.3022900e-14
   3.1347000e-01   4.3022900e-14
   3.1728000e-01   4.3022900e-14
   3.2113000e-01   4.3022900e-14
   3.2503000e-01   4.3022900e-14
   3.2899000e-01   4.1595600e-14
   3.3299000e-01   4.1595600e-14
   3.3704000e-01   4.1595600e-14
   3.4113000e-01   4.1595600e-14
   3.4528000e-01   4.1595600e-14
   3.4947000e-01   4.1595600e-14
   3.5372000e-01   4.1595600e-14
   3.5802000e-01   4.1595600e-14
   3.6237000e-01   4.1595600e-14
   3.6677000e-01   4.1595600e-14
   3.7124000e-01   4.0215700e-14
   3.7575000e-01   4.0215700e-14
   3.8031000e-01   4.0215700e-14
   3.8494000e-01   4.0215700e-14
   3.8961000e-01   4.0215700e-14
   3.9435000e-01   4.0215700e-14
   3.9914000e-01   4.0215700e-14
   4.0400000e-01   3.8881600e-14
   4.0891000e-01   3.8881600e-14
   4.1388000e-01   3.8881600e-14
   4.1891000e-01   3.8881600e-14
   4.2400000e-01   3.8881600e-14
   4.2916000e-01   3.7591700e-14
   4.3437000e-01   3.7591700e-14
   4.3964000e-01   3.7591700e-14
   4.4499000e-01   3.7591700e-14
   4.5040000e-01   3.7591700e-14
   4.5588000e-01   3.7591700e-14
   4.6142000e-01   3.7591700e-14
   4.6702000e-01   3.7591700e-14
   4.7270000e-01   3.7591700e-14
   4.7845000e-01   3.6344600e-14
   4.8426000e-01   3.6344600e-14
   4.9014000e-01   3.6344600e-14
   4.9611000e-01   3.6344600e-14
   5.0214000e-01   3.6344600e-14
   5.0824000e-01   3.5138900e-14
   5.1441000e-01   3.5138900e-14
   5.2067000e-01   3.5138900e-14
   5.2700000e-01   3.5138900e-14
   5.3341000e-01   3.5138900e-14
   5.3990000e-01   3.3973100e-14
   5.4646000e-01   3.3973100e-14
   5.5310000e-01   3.3973100e-14
   5.5982000e-01   3.3973100e-14
   5.6662000e-01   3.3973100e-14
   5.7351000e-01   3.3973100e-14
   5.8048000e-01   3.3973100e-14
   5.8753000e-01   3.3973100e-14
   5.9467000e-01   3.3973100e-14
   6.0190000e-01   3.3973100e-14
   6.0921000e-01   3.3973100e-14
   6.1662000e-01   3.3973100e-14
   6.2411000e-01   3.3973100e-14
   6.3171000e-01   3.2846100e-14
   6.3938000e-01   3.2846100e-14
   6.4715000e-01   3.2846100e-14
   6.5502000e-01   3.2846100e-14
   6.6298000e-01   3.2846100e-14
   6.7104000e-01   3.2846100e-14
   6.7920000e-01   3.1756400e-14
   6.8746000e-01   3.1756400e-14
   6.9581000e-01   3.1756400e-14
   7.0427000e-01   3.1756400e-14
   7.1282000e-01   3.1756400e-14
   7.2149000e-01   3.1756400e-14
   7.3024000e-01   3.1756400e-14
   7.3914000e-01   3.0702900e-14
   7.4812000e-01   3.0702900e-14
   7.5722000e-01   3.0702900e-14
   7.6642000e-01   3.0702900e-14
   7.7573000e-01   3.0702900e-14
   7.8515000e-01   3.0702900e-14
   7.9470000e-01   3.0702900e-14
   8.0436000e-01   3.0702900e-14
   8.1413000e-01   3.0702900e-14
   8.2404000e-01   2.9684300e-14
   8.3406000e-01   2.9684300e-14
   8.4419000e-01   2.9684300e-14
   8.5445000e-01   2.9684300e-14
   8.6483000e-01   2.9684300e-14
   8.7534000e-01   2.9684300e-14
   8.8598000e-01   2.9684300e-14
   8.9676000e-01   2.8699600e-14
   9.0766000e-01   2.8699600e-14
   9.1869000e-01   2.8699600e-14
   9.2986000e-01   2.8699600e-14
   9.4116000e-01   2.8699600e-14
   9.5259000e-01   2.8699600e-14
   9.6418000e-01   2.7747500e-14
   9.7590000e-01   2.7747500e-14
   9.8776000e-01   2.7747500e-14
   9.9977000e-01   2.7747500e-14
   1.0119200e+00   2.7747500e-14
   1.0242100e+00   2.7747500e-14
   1.0366600e+00   2.7747500e-14
   1.0492600e+00   2.7747500e-14
   1.0620100e+00   2.7747500e-14
   1.0749100e+00   2.7747500e-14
   1.0880000e+00   2.6827000e-14
   1.1012200e+00   2.6827000e-14
   1.1146000e+00   2.6827000e-14
   1.1281500e+00   2.6827000e-14
   1.1418800e+00   2.5937000e-14
   1.1557500e+00   2.5937000e-14
   1.1698000e+00   2.5937000e-14
   1.1840100e+00   2.5937000e-14
   1.1984000e+00   2.5937000e-14
   1.2129600e+00   2.5937000e-14
   1.2277100e+00   2.5937000e-14
   1.2426300e+00   2.5937000e-14
   1.2577500e+00   2.5076500e-14
   1.2730200e+00   2.5076500e-14
   1.2885000e+00   2.5076500e-14
   1.3041600e+00   2.5076500e-14
   1.3200100e+00   2.5076500e-14
   1.3360500e+00   2.5076500e-14
   1.3522900e+00   2.5076500e-14
   1.3687200e+00   2.5076500e-14
   1.3853500e+00   2.5076500e-14
   1.4021900e+00   2.5076500e-14
   1.4192300e+00   2.5076500e-14
   1.4364800e+00   2.5076500e-14
   1.4539600e+00   2.4244600e-14
   1.4716300e+00   2.4244600e-14
   1.4895100e+00   2.4244600e-14
   1.5076100e+00   2.4244600e-14
   1.5259300e+00   2.4244600e-14
   1.5444800e+00   2.4244600e-14
   1.5632500e+00   2.4244600e-14
   1.5822600e+00   2.3440300e-14
   1.6015000e+00   2.3440300e-14
   1.6209600e+00   2.3440300e-14
   1.6406600e+00   2.3440300e-14
   1.6606000e+00   2.3440300e-14
   1.6808100e+00   2.2662700e-14
   1.7012300e+00   2.2662700e-14
   1.7219100e+00   2.2662700e-14
   1.7428300e+00   2.2662700e-14
   1.7640000e+00   2.2662700e-14
   1.7854500e+00   2.2662700e-14
   1.8071500e+00   2.2662700e-14
   1.8291100e+00   2.2662700e-14
   1.8513400e+00   2.2662700e-14
   1.8738400e+00   2.2662700e-14
   1.8966100e+00   2.2662700e-14
   1.9196900e+00   2.1910900e-14
   1.9430200e+00   2.1910900e-14
   1.9666200e+00   2.1910900e-14
   1.9905300e+00   2.1910900e-14
   2.0147200e+00   2.1910900e-14
   2.0392000e+00   2.1910900e-14
   2.0640200e+00   2.1184000e-14
   2.0891000e+00   2.1184000e-14
   2.1144900e+00   2.1184000e-14
   2.1401900e+00   2.1184000e-14
   2.1662000e+00   2.1184000e-14
   2.1925200e+00   2.1184000e-14
   2.2191700e+00   2.1184000e-14
   2.2461700e+00   2.0481200e-14
   2.2734700e+00   2.0481200e-14
   2.3011000e+00   2.0481200e-14
   2.3290600e+00   2.0481200e-14
   2.3573600e+00   2.0481200e-14
   2.3860100e+00   2.0481200e-14
   2.4150100e+00   2.0481200e-14
   2.4444000e+00   1.9801700e-14
   2.4741000e+00   1.9801700e-14
   2.5041700e+00   1.9801700e-14
   2.5346000e+00   1.9801700e-14
   2.5654000e+00   1.9801700e-14
   2.5965700e+00   1.9801700e-14
   2.6281300e+00   1.9801700e-14
   2.6600700e+00   1.9801700e-14
   2.6924000e+00   1.9801700e-14
   2.7251200e+00   1.9801700e-14
   2.7582300e+00   1.9801700e-14
   2.7917500e+00   1.9801700e-14
   2.8257300e+00   1.9144800e-14
   2.8600700e+00   1.9144800e-14
   2.8948300e+00   1.9144800e-14
   2.9300100e+00   1.9144800e-14
   2.9656600e+00   1.8509700e-14
   3.0017000e+00   1.8509700e-14
   3.0381800e+00   1.8509700e-14
   3.0751000e+00   1.8509700e-14
   3.1124700e+00   1.8509700e-14
   3.1503000e+00   1.8509700e-14
   3.1885800e+00   1.8509700e-14
   3.2273300e+00   1.8509700e-14
   3.2666100e+00   1.7895600e-14
   3.3063000e+00   1.7895600e-14
   3.3464800e+00   1.7895600e-14
   3.3871500e+00   1.7895600e-14
   3.4283100e+00   1.7895600e-14
   3.4699800e+00   1.7895600e-14
   3.5121400e+00   1.7895600e-14
   3.5548300e+00   1.7895600e-14
   3.5980200e+00   1.7895600e-14
   3.6417500e+00   1.7895600e-14
   3.6860100e+00   1.7895600e-14
   3.7308000e+00   1.7895600e-14
   3.7761400e+00   1.7895600e-14
   3.8220300e+00   1.7895600e-14
   3.8684600e+00   1.7895600e-14
   3.9154800e+00   1.7895600e-14
   3.9631400e+00   1.7302000e-14
   4.0113000e+00   1.7302000e-14
   4.0600400e+00   1.7302000e-14
   4.1093800e+00   1.7302000e-14
   4.1593200e+00   1.7302000e-14
   4.2098700e+00   1.7302000e-14
   4.2610200e+00   1.7302000e-14
   4.3128100e+00   1.7302000e-14
   4.3652100e+00   1.7302000e-14
   4.4182700e+00   1.7302000e-14
   4.4719600e+00   1.7302000e-14
   4.5263100e+00   1.7302000e-14
   4.5813100e+00   1.7302000e-14
   4.6370700e+00   1.6728000e-14
   4.6934200e+00   1.6728000e-14
   4.7504600e+00   1.6728000e-14
   4.8081800e+00   1.6728000e-14
   4.8666200e+00   1.6728000e-14
   4.9257600e+00   1.6728000e-14
   4.9856200e+00   1.6728000e-14
   5.0462000e+00   1.6728000e-14
   5.1075300e+00   1.6728000e-14
   5.1696000e+00   1.6728000e-14
   5.2324200e+00   1.6728000e-14
   5.2960000e+00   1.6728000e-14
   5.3603600e+00   1.6728000e-14
   5.4255000e+00   1.6728000e-14
   5.4914300e+00   1.6728000e-14
   5.5581700e+00   1.6728000e-14
   5.6257200e+00   1.6728000e-14
   5.6940800e+00   1.6728000e-14
   5.7632800e+00   1.6728000e-14
   5.8333200e+00   1.6728000e-14
   5.9042100e+00   1.6728000e-14
   5.9759600e+00   1.6728000e-14
   6.0485800e+00   1.6728000e-14
   6.1220800e+00   1.6728000e-14
   6.1964800e+00   1.6728000e-14
   6.2716700e+00   1.7302000e-14
   6.3478900e+00   1.7302000e-14
   6.4250300e+00   1.7302000e-14
   6.5031100e+00   1.7302000e-14
   6.5821300e+00   1.7302000e-14
   6.6621200e+00   1.7302000e-14
   6.7429700e+00   1.7895600e-14
   6.8249100e+00   1.7895600e-14
   6.9078500e+00   1.7895600e-14
   6.9918000e+00   1.7895600e-14
   7.0767600e+00   1.7895600e-14
   7.1627600e+00   1.7895600e-14
   7.2498100e+00   1.7895600e-14
   7.3379100e+00   1.7895600e-14
   7.4270800e+00   1.7895600e-14
   7.5173400e+00   1.7895600e-14
   7.6085600e+00   1.8509700e-14
   7.7010200e+00   1.8509700e-14
   7.7944700e+00   1.9144800e-14
   7.8891900e+00   1.9144800e-14
   7.9850600e+00   1.9144800e-14
   8.0821000e+00   1.9144800e-14
   8.1803200e+00   1.9144800e-14
   8.2795800e+00   1.9801700e-14
   8.3801900e+00   1.9801700e-14
   8.4820400e+00   1.9801700e-14
   8.5851100e+00   1.9801700e-14
   8.6892900e+00   2.0481200e-14
   8.7948800e+00   2.0481200e-14
   8.9016100e+00   2.1184000e-14
   9.0097800e+00   2.1184000e-14
   9.1192700e+00   2.1184000e-14
   9.2299300e+00   2.1910900e-14
   9.3420900e+00   2.1910900e-14
   9.4556200e+00   2.1910900e-14
   9.5705300e+00   2.1910900e-14
   9.6866600e+00   2.2662700e-14
   9.8043800e+00   2.2662700e-14
   9.9233500e+00   2.3440300e-14
   1.0043940e+01   2.3440300e-14
   1.0165820e+01   2.4244600e-14
   1.0289360e+01   2.4244600e-14
   1.0414400e+01   2.4244600e-14
   1.0540960e+01   2.4244600e-14
   1.0668870e+01   2.5076500e-14
   1.0798520e+01   2.5076500e-14
   1.0929560e+01   2.5937000e-14
   1.1062380e+01   2.5937000e-14
   1.1196610e+01   2.6827000e-14
   1.1332670e+01   2.6827000e-14
   1.1470400e+01   2.6827000e-14
   1.1609790e+01   2.6827000e-14
   1.1750670e+01   2.7747500e-14
   1.1893470e+01   2.7747500e-14
   1.2037790e+01   2.8699600e-14
   1.2183860e+01   2.9684300e-14
   1.2331920e+01   2.9684300e-14
   1.2481790e+01   2.9684300e-14
   1.2633470e+01   2.9684300e-14
   1.2786770e+01   3.0702900e-14
   1.2941930e+01   3.1756400e-14
   1.3099210e+01   3.1756400e-14
   1.3258160e+01   3.2846100e-14
   1.3419280e+01   3.2846100e-14
   1.3582350e+01   3.2846100e-14
   1.3747170e+01   3.3973100e-14
   1.3914220e+01   3.3973100e-14
   1.4083070e+01   3.5138900e-14
   1.4253960e+01   3.6344600e-14
   1.4427180e+01   3.6344600e-14
   1.4602500e+01   3.6344600e-14
   1.4779700e+01   3.7591700e-14
   1.4959300e+01   3.7591700e-14
   1.5140830e+01   3.8881600e-14
   1.5324830e+01   3.8881600e-14
   1.5510780e+01   4.0215700e-14
   1.5699280e+01   4.0215700e-14
   1.5889780e+01   4.1595600e-14
   1.6082880e+01   4.1595600e-14
   1.6278040e+01   4.3022900e-14
   1.6475560e+01   4.4499100e-14
   1.6675780e+01   4.4499100e-14
   1.6878430e+01   4.4499100e-14
   1.7083240e+01   4.6026000e-14
   1.7290540e+01   4.7605300e-14
   1.7500650e+01   4.7605300e-14
   1.7713020e+01   4.9238800e-14
   1.7928270e+01   4.9238800e-14
   1.8146140e+01   4.9238800e-14
   1.8366340e+01   5.0928400e-14
   1.8589520e+01   5.0928400e-14
   1.8815440e+01   5.0928400e-14
   1.9043760e+01   5.2675900e-14
   1.9274840e+01   5.4483300e-14
   1.9509080e+01   5.4483300e-14
   1.9745810e+01   5.6352800e-14
   1.9985410e+01   5.8286500e-14
   2.0227930e+01   6.0286500e-14
   2.0473740e+01   6.0286500e-14
   2.0722550e+01   6.0286500e-14
   2.0974380e+01   6.0286500e-14
   2.1228890e+01   6.2355100e-14
   2.1486480e+01   6.4494700e-14
   2.1747220e+01   6.6707700e-14
   2.2011500e+01   6.6707700e-14
   2.2278990e+01   6.6707700e-14
   2.2549320e+01   6.8996600e-14
   2.2823360e+01   6.8996600e-14
   2.3100310e+01   7.1364100e-14
   2.3381040e+01   7.1364100e-14
   2.3664750e+01   7.3812800e-14
   2.3952340e+01   7.3812800e-14
   2.4242980e+01   7.6345600e-14
   2.4537590e+01   7.6345600e-14
   2.4835350e+01   7.8965200e-14
   2.5136700e+01   8.1674800e-14
   2.5442180e+01   8.1674800e-14
   2.5751360e+01   8.1674800e-14
   2.6063840e+01   8.4477300e-14
   2.6380110e+01   8.7376000e-14
   2.6700690e+01   8.7376000e-14
   2.7024690e+01   9.0374100e-14
   2.7353110e+01   9.0374100e-14
   2.7685020e+01   9.3475100e-14
   2.8021460e+01   9.3475100e-14
   2.8361480e+01   9.6682500e-14
   2.8705640e+01   1.0000000e-13
   2.9054480e+01   1.0000000e-13
   2.9407560e+01   1.0000000e-13
   2.9764410e+01   1.0343100e-13
   3.0125580e+01   1.0698000e-13
   3.0491680e+01   1.0698000e-13
   3.0861680e+01   1.1065100e-13
   3.1236720e+01   1.1065100e-13
   3.1616320e+01   1.1065100e-13
   3.1999970e+01   1.1444800e-13
   3.2388270e+01   1.1837500e-13
   3.2781870e+01   1.1837500e-13
   3.3179660e+01   1.2243700e-13
   3.3582870e+01   1.2243700e-13
   3.3990380e+01   1.2663800e-13
   3.4403440e+01   1.2663800e-13
   3.4820910e+01   1.3098300e-13
   3.5243450e+01   1.3547800e-13
   3.5671740e+01   1.3547800e-13
   3.6105230e+01   1.3547800e-13
   3.6543350e+01   1.4012600e-13
   3.6986790e+01   1.4493500e-13
   3.7436250e+01   1.4493500e-13
   3.7890530e+01   1.4990800e-13
   3.8350310e+01   1.5505200e-13
   3.8816360e+01   1.5505200e-13
   3.8815680e+01   1.6037200e-13
   3.9287380e+01   1.6037200e-13
   3.9764110e+01   1.6587500e-13
   4.0247340e+01   1.6587500e-13
   4.0735720e+01   1.7156600e-13
   4.1230020e+01   1.7745300e-13
