   1.0000000e-05   1.0000125e-09
   1.0185914e-05   9.8176068e-10
   1.0375284e-05   9.6384199e-10
   1.0568175e-05   9.4625037e-10
   1.0764652e-05   9.2897984e-10
   1.0964782e-05   9.1202455e-10
   1.1168632e-05   8.9537873e-10
   1.1376273e-05   8.7903674e-10
   1.1587774e-05   8.6299303e-10
   1.1803206e-05   8.4724217e-10
   1.2022644e-05   8.3177880e-10
   1.2246162e-05   8.1659768e-10
   1.2473835e-05   8.0169366e-10
   1.2705741e-05   7.8706167e-10
   1.2941958e-05   7.7269676e-10
   1.3182567e-05   7.5859405e-10
   1.3427650e-05   7.4474876e-10
   1.3677288e-05   7.3115618e-10
   1.3931568e-05   7.1781171e-10
   1.4190575e-05   7.0471081e-10
   1.4454398e-05   6.9184904e-10
   1.4723125e-05   6.7922204e-10
   1.4996848e-05   6.6682552e-10
   1.5275661e-05   6.5465527e-10
   1.5559656e-05   6.4270717e-10
   1.5848932e-05   6.3097716e-10
   1.6143586e-05   6.1946125e-10
   1.6443717e-05   6.0815556e-10
   1.6749429e-05   5.9705622e-10
   1.7060824e-05   5.8615949e-10
   1.7378008e-05   5.7546166e-10
   1.7701090e-05   5.6495910e-10
   1.8030177e-05   5.5464825e-10
   1.8365383e-05   5.4452561e-10
   1.8706821e-05   5.3458774e-10
   1.9054607e-05   5.2483128e-10
   1.9408859e-05   5.1525291e-10
   1.9769696e-05   5.0584937e-10
   2.0137242e-05   4.9661749e-10
   2.0511622e-05   4.8755413e-10
   2.0892961e-05   4.7865621e-10
   2.1281390e-05   4.6992071e-10
   2.1677041e-05   4.6134467e-10
   2.2080047e-05   4.5292518e-10
   2.2490546e-05   4.4465938e-10
   2.2908677e-05   4.3654447e-10
   2.3334581e-05   4.2857769e-10
   2.3768403e-05   4.2075634e-10
   2.4210290e-05   4.1307776e-10
   2.4660393e-05   4.0553936e-10
   2.5118864e-05   3.9813857e-10
   2.5585859e-05   3.9087288e-10
   2.6061535e-05   3.8373982e-10
   2.6546056e-05   3.7673698e-10
   2.7039584e-05   3.6986198e-10
   2.7542287e-05   3.6311248e-10
   2.8054336e-05   3.5648620e-10
   2.8575905e-05   3.4998089e-10
   2.9107171e-05   3.4359433e-10
   2.9648314e-05   3.3732437e-10
   3.0199517e-05   3.3116887e-10
   3.0760968e-05   3.2512575e-10
   3.1332857e-05   3.1919295e-10
   3.1915379e-05   3.1336846e-10
   3.2508730e-05   3.0765031e-10
   3.3113112e-05   3.0203656e-10
   3.3728731e-05   2.9652530e-10
   3.4355795e-05   2.9111465e-10
   3.4994517e-05   2.8580279e-10
   3.5645113e-05   2.8058792e-10
   3.6307805e-05   2.7546825e-10
   3.6982818e-05   2.7044206e-10
   3.7670380e-05   2.6550764e-10
   3.8370725e-05   2.6066331e-10
   3.9084090e-05   2.5590744e-10
   3.9810717e-05   2.5123840e-10
   4.0550854e-05   2.4665462e-10
   4.1304750e-05   2.4215453e-10
   4.2072663e-05   2.3773661e-10
   4.2854852e-05   2.3339937e-10
   4.3651583e-05   2.2914132e-10
   4.4463127e-05   2.2496103e-10
   4.5289758e-05   2.2085708e-10
   4.6131757e-05   2.1682807e-10
   4.6989411e-05   2.1287263e-10
   4.7863009e-05   2.0898943e-10
   4.8752849e-05   2.0517715e-10
   4.9659232e-05   2.0143449e-10
   5.0582466e-05   1.9776018e-10
   5.1522864e-05   1.9415298e-10
   5.2480746e-05   1.9061166e-10
   5.3456436e-05   1.8713502e-10
   5.4450265e-05   1.8372188e-10
   5.5462571e-05   1.8037109e-10
   5.6493697e-05   1.7708150e-10
   5.7543994e-05   1.7385200e-10
   5.8613816e-05   1.7068149e-10
   5.9703529e-05   1.6756890e-10
   6.0813500e-05   1.6451317e-10
   6.1944108e-05   1.6151327e-10
   6.3095734e-05   1.5856817e-10
   6.4268772e-05   1.5567688e-10
   6.5463617e-05   1.5283841e-10
   6.6680677e-05   1.5005181e-10
   6.7920363e-05   1.4731613e-10
   6.9183097e-05   1.4463043e-10
   7.0469307e-05   1.4199381e-10
   7.1779429e-05   1.3940538e-10
   7.3113908e-05   1.3686424e-10
   7.4473197e-05   1.3436956e-10
   7.5857758e-05   1.3192046e-10
   7.7268059e-05   1.2951613e-10
   7.8704579e-05   1.2715575e-10
   8.0167806e-05   1.2483852e-10
   8.1658237e-05   1.2256365e-10
   8.3176377e-05   1.2033037e-10
   8.4722741e-05   1.1813792e-10
   8.6297855e-05   1.1598556e-10
   8.7902252e-05   1.1387255e-10
   8.9536477e-05   1.1179819e-10
   9.1201084e-05   1.0976176e-10
   9.2896639e-05   1.0776258e-10
   9.4623716e-05   1.0579996e-10
   9.6382902e-05   1.0387325e-10
   9.8174794e-05   1.0198178e-10
   1.0000000e-04   1.0012492e-10
   1.0185914e-04   9.8302036e-11
   1.0375284e-04   9.6512506e-11
   1.0568175e-04   9.4755726e-11
   1.0764652e-04   9.3031100e-11
   1.0964782e-04   9.1338041e-11
   1.1168632e-04   8.9675976e-11
   1.1376273e-04   8.8044340e-11
   1.1587774e-04   8.6442581e-11
   1.1803206e-04   8.4870153e-11
   1.2022644e-04   8.3326525e-11
   1.2246162e-04   8.1811171e-11
   1.2473835e-04   8.0323578e-11
   1.2705741e-04   7.8863241e-11
   1.2941958e-04   7.7429664e-11
   1.3182567e-04   7.6022361e-11
   1.3427650e-04   7.4640854e-11
   1.3677288e-04   7.3284675e-11
   1.3931568e-04   7.1953363e-11
   1.4190575e-04   7.0646466e-11
   1.4454398e-04   6.9363542e-11
   1.4723125e-04   6.8104154e-11
   1.4996848e-04   6.6867875e-11
   1.5275661e-04   6.5654285e-11
   1.5559656e-04   6.4462974e-11
   1.5848932e-04   6.3293536e-11
   1.6143586e-04   6.2145575e-11
   1.6443717e-04   6.1018700e-11
   1.6749429e-04   5.9912531e-11
   1.7060824e-04   5.8826690e-11
   1.7378008e-04   5.7760810e-11
   1.7701090e-04   5.6714529e-11
   1.8030177e-04   5.5687492e-11
   1.8365383e-04   5.4679351e-11
   1.8706821e-04   5.3689762e-11
   1.9054607e-04   5.2718391e-11
   1.9408859e-04   5.1764907e-11
   1.9769696e-04   5.0828987e-11
   2.0137242e-04   4.9910313e-11
   2.0511622e-04   4.9008574e-11
   2.0892961e-04   4.8123463e-11
   2.1281390e-04   4.7254679e-11
   2.1677041e-04   4.6401929e-11
   2.2080047e-04   4.5564923e-11
   2.2490546e-04   4.4743375e-11
   2.2908677e-04   4.3937009e-11
   2.3334581e-04   4.3145548e-11
   2.3768403e-04   4.2368726e-11
   2.4210290e-04   4.1606278e-11
   2.4660393e-04   4.0857946e-11
   2.5118864e-04   4.0123474e-11
   2.5585859e-04   3.9402615e-11
   2.6061535e-04   3.8695122e-11
   2.6546056e-04   3.8000757e-11
   2.7039584e-04   3.7319282e-11
   2.7542287e-04   3.6650467e-11
   2.8054336e-04   3.5994084e-11
   2.8575905e-04   3.5349911e-11
   2.9107171e-04   3.4717728e-11
   2.9648314e-04   3.4097321e-11
   3.0199517e-04   3.3488479e-11
   3.0760968e-04   3.2890994e-11
   3.1332857e-04   3.2304665e-11
   3.1915379e-04   3.1729292e-11
   3.2508730e-04   3.1164678e-11
   3.3113112e-04   3.0610633e-11
   3.3728731e-04   3.0066967e-11
   3.4355795e-04   2.9533496e-11
   3.4994517e-04   2.9010039e-11
   3.5645113e-04   2.8496417e-11
   3.6307805e-04   2.7992456e-11
   3.6982818e-04   2.7497983e-11
   3.7670380e-04   2.7012832e-11
   3.8370725e-04   2.6536835e-11
   3.9084090e-04   2.6069833e-11
   3.9810717e-04   2.5611664e-11
   4.0550854e-04   2.5162174e-11
   4.1304750e-04   2.4721209e-11
   4.2072663e-04   2.4288618e-11
   4.2854852e-04   2.3864255e-11
   4.3651583e-04   2.3447973e-11
   4.4463127e-04   2.3039632e-11
   4.5289758e-04   2.2639092e-11
   4.6131757e-04   2.2246216e-11
   4.6989411e-04   2.1860869e-11
   4.7863009e-04   2.1482920e-11
   4.8752849e-04   2.1112239e-11
   4.9659232e-04   2.0748700e-11
   5.0582466e-04   2.0392177e-11
   5.1522864e-04   2.0042550e-11
   5.2480746e-04   1.9699697e-11
   5.3456436e-04   1.9363501e-11
   5.4450265e-04   1.9033846e-11
   5.5462571e-04   1.8710620e-11
   5.6493697e-04   1.8393710e-11
   5.7543994e-04   1.8083008e-11
   5.8613816e-04   1.7778406e-11
   5.9703529e-04   1.7479799e-11
   6.0813500e-04   1.7187083e-11
   6.1944108e-04   1.6900158e-11
   6.3095734e-04   1.6618924e-11
   6.4268772e-04   1.6343283e-11
   6.5463617e-04   1.6073139e-11
   6.6680677e-04   1.5808398e-11
   6.7920363e-04   1.5548968e-11
   6.9183097e-04   1.5294758e-11
   7.0469307e-04   1.5045678e-11
   7.1779429e-04   1.4801641e-11
   7.3113908e-04   1.4562562e-11
   7.4473197e-04   1.4328356e-11
   7.5857758e-04   1.4098939e-11
   7.7268059e-04   1.3874231e-11
   7.8704579e-04   1.3654152e-11
   8.0167806e-04   1.3438622e-11
   8.1658237e-04   1.3227565e-11
   8.3176377e-04   1.3020905e-11
   8.4722741e-04   1.2818568e-11
   8.6297855e-04   1.2620479e-11
   8.7902252e-04   1.2426568e-11
   8.9536477e-04   1.2236762e-11
   9.1201084e-04   1.2050993e-11
   9.2896639e-04   1.1869193e-11
   9.4623716e-04   1.1691293e-11
   9.6382902e-04   1.1517227e-11
   9.8174794e-04   1.1346931e-11
   1.0000000e-03   1.1180340e-11
   1.0185914e-03   1.1017391e-11
   1.0375284e-03   1.0858022e-11
   1.0568175e-03   1.0702172e-11
   1.0764652e-03   1.0549780e-11
   1.0964782e-03   1.0400787e-11
   1.1168632e-03   1.0255136e-11
   1.1376273e-03   1.0112767e-11
   1.1587774e-03   9.9736251e-12
   1.1803206e-03   9.8376536e-12
   1.2022644e-03   9.7047976e-12
   1.2246162e-03   9.5750027e-12
   1.2473835e-03   9.4482153e-12
   1.2705741e-03   9.3243824e-12
   1.2941958e-03   9.2034520e-12
   1.3182567e-03   9.0853725e-12
   1.3427650e-03   8.9700932e-12
   1.3677288e-03   8.8575638e-12
   1.3931568e-03   8.7477348e-12
   1.4190575e-03   8.6405574e-12
   1.4454398e-03   8.5359832e-12
   1.4723125e-03   8.4339645e-12
   1.4996848e-03   8.3344542e-12
   1.5275661e-03   8.2374057e-12
   1.5559656e-03   8.1427729e-12
   1.5848932e-03   8.0505104e-12
   1.6143586e-03   7.9605731e-12
   1.6443717e-03   7.8729167e-12
   1.6749429e-03   7.7874972e-12
   1.7060824e-03   7.7042712e-12
   1.7378008e-03   7.6231957e-12
   1.7701090e-03   7.5442282e-12
   1.8030177e-03   7.4673267e-12
   1.8365383e-03   7.3924498e-12
   1.8706821e-03   7.3195564e-12
   1.9054607e-03   7.2486059e-12
   1.9408859e-03   7.1795582e-12
   1.9769696e-03   7.1123736e-12
   2.0137242e-03   7.0470131e-12
   2.0511622e-03   6.9834378e-12
   2.0892961e-03   6.9216094e-12
   2.1281390e-03   6.8614902e-12
   2.1677041e-03   6.8030427e-12
   2.2080047e-03   6.7462302e-12
   2.2490546e-03   6.6910161e-12
   2.2908677e-03   6.6373645e-12
   2.3334581e-03   6.5852398e-12
   2.3768403e-03   6.5346071e-12
   2.4210290e-03   6.4854317e-12
   2.4660393e-03   6.4376795e-12
   2.5118864e-03   6.3913169e-12
   2.5585859e-03   6.3463108e-12
   2.6061535e-03   6.3026284e-12
   2.6546056e-03   6.2602376e-12
   2.7039584e-03   6.2191067e-12
   2.7542287e-03   6.1792044e-12
   2.8054336e-03   6.1405001e-12
   2.8575905e-03   6.1029634e-12
   2.9107171e-03   6.0665646e-12
   2.9648314e-03   6.0312746e-12
   3.0199517e-03   5.9970644e-12
   3.0760968e-03   5.9639060e-12
   3.1332857e-03   5.9317716e-12
   3.1915379e-03   5.9006338e-12
   3.2508730e-03   5.8704660e-12
   3.3113112e-03   5.8412420e-12
   3.3728731e-03   5.8129360e-12
   3.4355795e-03   5.7855228e-12
   3.4994517e-03   5.7589777e-12
   3.5645113e-03   5.7332764e-12
   3.6307805e-03   5.7083952e-12
   3.6982818e-03   5.6843109e-12
   3.7670380e-03   5.6610009e-12
   3.8370725e-03   5.6384427e-12
   3.9084090e-03   5.6166148e-12
   3.9810717e-03   5.5954958e-12
   4.0550854e-03   5.5750650e-12
   4.1304750e-03   5.5553021e-12
   4.2072663e-03   5.5361873e-12
   4.2854852e-03   5.5177012e-12
   4.3651583e-03   5.4998250e-12
   4.4463127e-03   5.4825402e-12
   4.5289758e-03   5.4658288e-12
   4.6131757e-03   5.4496735e-12
   4.6989411e-03   5.4340570e-12
   4.7863009e-03   5.4189628e-12
   4.8752849e-03   5.4043747e-12
   4.9659232e-03   5.3902769e-12
   5.0582466e-03   5.3766541e-12
   5.1522864e-03   5.3634912e-12
   5.2480746e-03   5.3507738e-12
   5.3456436e-03   5.3384878e-12
   5.4450265e-03   5.3266193e-12
   5.5462571e-03   5.3151550e-12
   5.6493697e-03   5.3040820e-12
   5.7543994e-03   5.2933875e-12
   5.8613816e-03   5.2830594e-12
   5.9703529e-03   5.2730858e-12
   6.0813500e-03   5.2634550e-12
   6.1944108e-03   5.2541558e-12
   6.3095734e-03   5.2451774e-12
   6.4268772e-03   5.2365092e-12
   6.5463617e-03   5.2281410e-12
   6.6680677e-03   5.2200627e-12
   6.7920363e-03   5.2122648e-12
   6.9183097e-03   5.2047379e-12
   7.0469307e-03   5.1974729e-12
   7.1779429e-03   5.1904610e-12
   7.3113908e-03   5.1836939e-12
   7.4473197e-03   5.1771631e-12
   7.5857758e-03   5.1708607e-12
   7.7268059e-03   5.1647791e-12
   7.8704579e-03   5.1589106e-12
   8.0167806e-03   5.1532481e-12
   8.1658237e-03   5.1477845e-12
   8.3176377e-03   5.1425130e-12
   8.4722741e-03   5.1374271e-12
   8.6297855e-03   5.1325203e-12
   8.7902252e-03   5.1277866e-12
   8.9536477e-03   5.1232200e-12
   9.1201084e-03   5.1188148e-12
   9.2896639e-03   5.1145652e-12
   9.4623716e-03   5.1104661e-12
   9.6382902e-03   5.1065120e-12
   9.8174794e-03   5.1026982e-12
   1.0000000e-02   5.0990195e-12
   1.0185914e-02   5.0954714e-12
   1.0375284e-02   5.0920493e-12
   1.0568175e-02   5.0887488e-12
   1.0764652e-02   5.0855657e-12
   1.0964782e-02   5.0824958e-12
   1.1168632e-02   5.0795352e-12
   1.1376273e-02   5.0766801e-12
   1.1587774e-02   5.0739267e-12
   1.1803206e-02   5.0712715e-12
   1.2022644e-02   5.0687110e-12
   1.2246162e-02   5.0662419e-12
   1.2473835e-02   5.0638610e-12
   1.2705741e-02   5.0615651e-12
   1.2941958e-02   5.0593513e-12
   1.3182567e-02   5.0572166e-12
   1.3427650e-02   5.0551583e-12
   1.3677288e-02   5.0531737e-12
   1.3931568e-02   5.0512601e-12
   1.4190575e-02   5.0494151e-12
   1.4454398e-02   5.0476361e-12
   1.4723125e-02   5.0459209e-12
   1.4996848e-02   5.0442672e-12
   1.5275661e-02   5.0426728e-12
   1.5559656e-02   5.0411356e-12
   1.5848932e-02   5.0396535e-12
   1.6143586e-02   5.0382246e-12
   1.6443717e-02   5.0368471e-12
   1.6749429e-02   5.0355190e-12
   1.7060824e-02   5.0342386e-12
   1.7378008e-02   5.0330042e-12
   1.7701090e-02   5.0318142e-12
   1.8030177e-02   5.0306670e-12
   1.8365383e-02   5.0295610e-12
   1.8706821e-02   5.0284948e-12
   1.9054607e-02   5.0274669e-12
   1.9408859e-02   5.0264760e-12
   1.9769696e-02   5.0255208e-12
   2.0137242e-02   5.0245999e-12
   2.0511622e-02   5.0237122e-12
   2.0892961e-02   5.0228565e-12
   2.1281390e-02   5.0220316e-12
   2.1677041e-02   5.0212364e-12
   2.2080047e-02   5.0204698e-12
   2.2490546e-02   5.0197309e-12
   2.2908677e-02   5.0190185e-12
   2.3334581e-02   5.0183319e-12
   2.3768403e-02   5.0176700e-12
   2.4210290e-02   5.0170320e-12
   2.4660393e-02   5.0164169e-12
   2.5118864e-02   5.0158241e-12
   2.5585859e-02   5.0152526e-12
   2.6061535e-02   5.0147017e-12
   2.6546056e-02   5.0141707e-12
   2.7039584e-02   5.0136588e-12
   2.7542287e-02   5.0131655e-12
   2.8054336e-02   5.0126899e-12
   2.8575905e-02   5.0122315e-12
   2.9107171e-02   5.0117896e-12
   2.9648314e-02   5.0113637e-12
   3.0199517e-02   5.0109531e-12
   3.0760968e-02   5.0105574e-12
   3.1332857e-02   5.0101759e-12
   3.1915379e-02   5.0098083e-12
   3.2508730e-02   5.0094539e-12
   3.3113112e-02   5.0091123e-12
   3.3728731e-02   5.0087830e-12
   3.4355795e-02   5.0084657e-12
   3.4994517e-02   5.0081598e-12
   3.5645113e-02   5.0078649e-12
   3.6307805e-02   5.0075807e-12
   3.6982818e-02   5.0073068e-12
   3.7670380e-02   5.0070428e-12
   3.8370725e-02   5.0067883e-12
   3.9084090e-02   5.0065430e-12
   3.9810717e-02   5.0063066e-12
   4.0550854e-02   5.0060787e-12
   4.1304750e-02   5.0058591e-12
   4.2072663e-02   5.0056474e-12
   4.2854852e-02   5.0054434e-12
   4.3651583e-02   5.0052468e-12
   4.4463127e-02   5.0050573e-12
   4.5289758e-02   5.0048746e-12
   4.6131757e-02   5.0046985e-12
   4.6989411e-02   5.0045289e-12
   4.7863009e-02   5.0043654e-12
   4.8752849e-02   5.0042078e-12
   4.9659232e-02   5.0040559e-12
   5.0582466e-02   5.0039095e-12
   5.1522864e-02   5.0037684e-12
   5.2480746e-02   5.0036325e-12
   5.3456436e-02   5.0035015e-12
   5.4450265e-02   5.0033752e-12
   5.5462571e-02   5.0032536e-12
   5.6493697e-02   5.0031364e-12
   5.7543994e-02   5.0030234e-12
   5.8613816e-02   5.0029146e-12
   5.9703529e-02   5.0028097e-12
   6.0813500e-02   5.0027087e-12
   6.1944108e-02   5.0026114e-12
   6.3095734e-02   5.0025176e-12
   6.4268772e-02   5.0024273e-12
   6.5463617e-02   5.0023403e-12
   6.6680677e-02   5.0022565e-12
   6.7920363e-02   5.0021757e-12
   6.9183097e-02   5.0020980e-12
   7.0469307e-02   5.0020232e-12
   7.1779429e-02   5.0019511e-12
   7.3113908e-02   5.0018818e-12
   7.4473197e-02   5.0018150e-12
   7.5857758e-02   5.0017507e-12
   7.7268059e-02   5.0016889e-12
   7.8704579e-02   5.0016294e-12
   8.0167806e-02   5.0015722e-12
   8.1658237e-02   5.0015172e-12
   8.3176377e-02   5.0014644e-12
   8.4722741e-02   5.0014136e-12
   8.6297855e-02   5.0013648e-12
   8.7902252e-02   5.0013179e-12
   8.9536477e-02   5.0012729e-12
   9.1201084e-02   5.0012298e-12
   9.2896639e-02   5.0011884e-12
   9.4623716e-02   5.0011488e-12
   9.6382902e-02   5.0011109e-12
   9.8174794e-02   5.0010746e-12
   1.0000000e-01   5.0010399e-12
   1.0185914e-01   5.0010068e-12
   1.0375284e-01   5.0009752e-12
   1.0568175e-01   5.0009452e-12
   1.0764652e-01   5.0009166e-12
   1.0964782e-01   5.0008895e-12
   1.1168632e-01   5.0008638e-12
   1.1376273e-01   5.0008396e-12
   1.1587774e-01   5.0008168e-12
   1.1803206e-01   5.0007954e-12
   1.2022644e-01   5.0007753e-12
   1.2246162e-01   5.0007567e-12
   1.2473835e-01   5.0007395e-12
   1.2705741e-01   5.0007236e-12
   1.2941958e-01   5.0007092e-12
   1.3182567e-01   5.0006962e-12
   1.3427650e-01   5.0006846e-12
   1.3677288e-01   5.0006745e-12
   1.3931568e-01   5.0006659e-12
   1.4190575e-01   5.0006588e-12
   1.4454398e-01   5.0006532e-12
   1.4723125e-01   5.0006492e-12
   1.4996848e-01   5.0006469e-12
   1.5275661e-01   5.0006463e-12
   1.5559656e-01   5.0006475e-12
   1.5848932e-01   5.0006504e-12
   1.6143586e-01   5.0006553e-12
   1.6443717e-01   5.0006622e-12
   1.6749429e-01   5.0006712e-12
   1.7060824e-01   5.0006824e-12
   1.7378008e-01   5.0006959e-12
   1.7701090e-01   5.0007118e-12
   1.8030177e-01   5.0007303e-12
   1.8365383e-01   5.0007515e-12
   1.8706821e-01   5.0007755e-12
   1.9054607e-01   5.0008027e-12
   1.9408859e-01   5.0008330e-12
   1.9769696e-01   5.0008668e-12
   2.0137242e-01   5.0009043e-12
   2.0511622e-01   5.0009456e-12
   2.0892961e-01   5.0009912e-12
   2.1281390e-01   5.0010412e-12
   2.1677041e-01   5.0010959e-12
   2.2080047e-01   5.0011557e-12
   2.2490546e-01   5.0012210e-12
   2.2908677e-01   5.0012921e-12
   2.3334581e-01   5.0013694e-12
   2.3768403e-01   5.0014534e-12
   2.4210290e-01   5.0015446e-12
   2.4660393e-01   5.0016435e-12
   2.5118864e-01   5.0017506e-12
   2.5585859e-01   5.0018666e-12
   2.6061535e-01   5.0019921e-12
   2.6546056e-01   5.0021278e-12
   2.7039584e-01   5.0022745e-12
   2.7542287e-01   5.0024330e-12
   2.8054336e-01   5.0026041e-12
   2.8575905e-01   5.0027889e-12
   2.9107171e-01   5.0029883e-12
   2.9648314e-01   5.0032035e-12
   3.0199517e-01   5.0034355e-12
   3.0760968e-01   5.0036858e-12
   3.1332857e-01   5.0039556e-12
   3.1915379e-01   5.0042465e-12
   3.2508730e-01   5.0045600e-12
   3.3113112e-01   5.0048979e-12
   3.3728731e-01   5.0052619e-12
   3.4355795e-01   5.0056542e-12
   3.4994517e-01   5.0060767e-12
   3.5645113e-01   5.0065319e-12
   3.6307805e-01   5.0070221e-12
   3.6982818e-01   5.0075501e-12
   3.7670380e-01   5.0081188e-12
   3.8370725e-01   5.0087311e-12
   3.9084090e-01   5.0093905e-12
   3.9810717e-01   5.0101004e-12
   4.0550854e-01   5.0108648e-12
   4.1304750e-01   5.0116878e-12
   4.2072663e-01   5.0125738e-12
   4.2854852e-01   5.0135276e-12
   4.3651583e-01   5.0145544e-12
   4.4463127e-01   5.0156597e-12
   4.5289758e-01   5.0168494e-12
   4.6131757e-01   5.0181300e-12
   4.6989411e-01   5.0195084e-12
   4.7863009e-01   5.0209919e-12
   4.8752849e-01   5.0225885e-12
   4.9659232e-01   5.0243069e-12
   5.0582466e-01   5.0261561e-12
   5.1522864e-01   5.0281462e-12
   5.2480746e-01   5.0302877e-12
   5.3456436e-01   5.0325921e-12
   5.4450265e-01   5.0350716e-12
   5.5462571e-01   5.0377396e-12
   5.6493697e-01   5.0406101e-12
   5.7543994e-01   5.0436984e-12
   5.8613816e-01   5.0470208e-12
   5.9703529e-01   5.0505950e-12
   6.0813500e-01   5.0544398e-12
   6.1944108e-01   5.0585755e-12
   6.3095734e-01   5.0630236e-12
   6.4268772e-01   5.0678077e-12
   6.5463617e-01   5.0729527e-12
   6.6680677e-01   5.0784853e-12
   6.7920363e-01   5.0844343e-12
   6.9183097e-01   5.0908306e-12
   7.0469307e-01   5.0977070e-12
   7.1779429e-01   5.1050991e-12
   7.3113908e-01   5.1130444e-12
   7.4473197e-01   5.1215836e-12
   7.5857758e-01   5.1307600e-12
   7.7268059e-01   5.1406198e-12
   7.8704579e-01   5.1512125e-12
   8.0167806e-01   5.1625910e-12
   8.1658237e-01   5.1748116e-12
   8.3176377e-01   5.1879346e-12
   8.4722741e-01   5.2020240e-12
   8.6297855e-01   5.2171484e-12
   8.7902252e-01   5.2333804e-12
   8.9536477e-01   5.2507976e-12
   9.1201084e-01   5.2694823e-12
   9.2896639e-01   5.2895221e-12
   9.4623716e-01   5.3110097e-12
   9.6382902e-01   5.3340437e-12
   9.8174794e-01   5.3587283e-12
   1.0000000e+00   5.3851741e-12
   1.0185914e+00   5.4134977e-12
   1.0375284e+00   5.4438224e-12
   1.0568175e+00   5.4762783e-12
   1.0764652e+00   5.5110023e-12
   1.0964782e+00   5.5481386e-12
   1.1168632e+00   5.5878388e-12
   1.1376273e+00   5.6302619e-12
   1.1587774e+00   5.6755745e-12
   1.1803206e+00   5.7239510e-12
   1.2022644e+00   5.7755739e-12
   1.2246162e+00   5.8306333e-12
   1.2473835e+00   5.8893277e-12
   1.2705741e+00   5.9518632e-12
   1.2941958e+00   6.0184545e-12
   1.3182567e+00   6.0893238e-12
   1.3427650e+00   6.1647017e-12
   1.3677288e+00   6.2448267e-12
   1.3931568e+00   6.3299450e-12
   1.4190575e+00   6.4203108e-12
   1.4454398e+00   6.5161861e-12
   1.4723125e+00   6.6178403e-12
   1.4996848e+00   6.7255506e-12
   1.5275661e+00   6.8396015e-12
   1.5559656e+00   6.9602850e-12
   1.5848932e+00   7.0879005e-12
   1.6143586e+00   7.2227546e-12
   1.6443717e+00   7.3651613e-12
   1.6749429e+00   7.5154419e-12
   1.7060824e+00   7.6739254e-12
   1.7378008e+00   7.8409481e-12
   1.7701090e+00   8.0168541e-12
   1.8030177e+00   8.2019956e-12
   1.8365383e+00   8.3967328e-12
   1.8706821e+00   8.6014346e-12
   1.9054607e+00   8.8164787e-12
   1.9408859e+00   9.0422523e-12
   1.9769696e+00   9.2791523e-12
   2.0137242e+00   9.5275859e-12
   2.0511622e+00   9.7879713e-12
   2.0892961e+00   1.0060738e-11
   2.1281390e+00   1.0346328e-11
   2.1677041e+00   1.0645197e-11
   2.2080047e+00   1.0957811e-11
   2.2490546e+00   1.1284656e-11
   2.2908677e+00   1.1626228e-11
   2.3334581e+00   1.1983041e-11
   2.3768403e+00   1.2355628e-11
   2.4210290e+00   1.2744536e-11
   2.4660393e+00   1.3150334e-11
   2.5118864e+00   1.3573610e-11
   2.5585859e+00   1.4014971e-11
   2.6061535e+00   1.4475049e-11
   2.6546056e+00   1.4954496e-11
   2.7039584e+00   1.5453988e-11
   2.7542287e+00   1.5974229e-11
   2.8054336e+00   1.6515945e-11
   2.8575905e+00   1.7079892e-11
   2.9107171e+00   1.7666854e-11
   2.9648314e+00   1.8277643e-11
   3.0199517e+00   1.8913104e-11
   3.0760968e+00   1.9574113e-11
   3.1332857e+00   2.0261580e-11
   3.1915379e+00   2.0976448e-11
   3.2508730e+00   2.1719699e-11
   3.3113112e+00   2.2492349e-11
   3.3728731e+00   2.3295458e-11
   3.4355795e+00   2.4130121e-11
   3.4994517e+00   2.4997479e-11
   3.5645113e+00   2.5898715e-11
   3.6307805e+00   2.6835058e-11
   3.6982818e+00   2.7807784e-11
   3.7670380e+00   2.8818218e-11
   3.8370725e+00   2.9867736e-11
   3.9084090e+00   3.0957765e-11
   3.9810717e+00   3.2089789e-11
   4.0550854e+00   3.3265348e-11
   4.1304750e+00   3.4486039e-11
   4.2072663e+00   3.5753521e-11
   4.2854852e+00   3.7069519e-11
   4.3651583e+00   3.8435820e-11
   4.4463127e+00   3.9854279e-11
   4.5289758e+00   4.1326826e-11
   4.6131757e+00   4.2855459e-11
   4.6989411e+00   4.4442254e-11
   4.7863009e+00   4.6089368e-11
   4.8752849e+00   4.7799037e-11
   4.9659232e+00   4.9573582e-11
   5.0582466e+00   5.1415413e-11
   5.1522864e+00   5.3327031e-11
   5.2480746e+00   5.5311032e-11
   5.3456436e+00   5.7370110e-11
   5.4450265e+00   5.9507059e-11
   5.5462571e+00   6.1724781e-11
   5.6493697e+00   6.4026288e-11
   5.7543994e+00   6.6414703e-11
   5.8613816e+00   6.8893269e-11
   5.9703529e+00   7.1465351e-11
   6.0813500e+00   7.4134441e-11
   6.1944108e+00   7.6904161e-11
   6.3095734e+00   7.9778273e-11
   6.4268772e+00   8.2760676e-11
   6.5463617e+00   8.5855421e-11
   6.6680677e+00   8.9066708e-11
   6.7920363e+00   9.2398897e-11
   6.9183097e+00   9.5856511e-11
   7.0469307e+00   9.9444242e-11
   7.1779429e+00   1.0316696e-10
   7.3113908e+00   1.0702973e-10
   7.4473197e+00   1.1103777e-10
   7.5857758e+00   1.1519655e-10
   7.7268059e+00   1.1951170e-10
   7.8704579e+00   1.2398907e-10
   8.0167806e+00   1.2863475e-10
   8.1658237e+00   1.3345505e-10
   8.3176377e+00   1.3845650e-10
   8.4722741e+00   1.4364590e-10
   8.6297855e+00   1.4903029e-10
   8.7902252e+00   1.5461698e-10
   8.9536477e+00   1.6041356e-10
   9.1201084e+00   1.6642788e-10
   9.2896639e+00   1.7266812e-10
   9.4623716e+00   1.7914274e-10
   9.6382902e+00   1.8586054e-10
   9.8174794e+00   1.9283064e-10
   1.0000000e+01   2.0006249e-10
   1.0185914e+01   2.0756591e-10
   1.0375284e+01   2.1535110e-10
   1.0568175e+01   2.2342860e-10
   1.0764652e+01   2.3180940e-10
   1.0964782e+01   2.4050487e-10
   1.1168632e+01   2.4952680e-10
   1.1376273e+01   2.5888746e-10
   1.1587774e+01   2.6859953e-10
   1.1803206e+01   2.7867622e-10
   1.2022644e+01   2.8913119e-10
   1.2246162e+01   2.9997864e-10
   1.2473835e+01   3.1123329e-10
   1.2705741e+01   3.2291042e-10
   1.2941958e+01   3.3502589e-10
   1.3182567e+01   3.4759613e-10
   1.3427650e+01   3.6063821e-10
   1.3677288e+01   3.7416984e-10
   1.3931568e+01   3.8820938e-10
   1.4190575e+01   4.0277589e-10
   1.4454398e+01   4.1788914e-10
   1.4723125e+01   4.3356965e-10
   1.4996848e+01   4.4983871e-10
   1.5275661e+01   4.6671840e-10
   1.5559656e+01   4.8423162e-10
   1.5848932e+01   5.0240217e-10
   1.6143586e+01   5.2125469e-10
   1.6443717e+01   5.4081479e-10
   1.6749429e+01   5.6110901e-10
   1.7060824e+01   5.8216490e-10
   1.7378008e+01   6.0401104e-10
   1.7701090e+01   6.2667709e-10
   1.8030177e+01   6.5019382e-10
   1.8365383e+01   6.7459315e-10
   1.8706821e+01   6.9990819e-10
   1.9054607e+01   7.2617332e-10
   1.9408859e+01   7.5342419e-10
   1.9769696e+01   7.8169778e-10
   2.0137242e+01   8.1103248e-10
   2.0511622e+01   8.4146811e-10
   2.0892961e+01   8.7304598e-10
   2.1281390e+01   9.0580896e-10
   2.1677041e+01   9.3980152e-10
   2.2080047e+01   9.7506980e-10
   2.2490546e+01   1.0116617e-09
   2.2908677e+01   1.0496268e-09
   2.3334581e+01   1.0890168e-09
   2.3768403e+01   1.1298850e-09
   2.4210290e+01   1.1722870e-09
   2.4660393e+01   1.2162803e-09
   2.5118864e+01   1.2619246e-09
   2.5585859e+01   1.3092819e-09
   2.6061535e+01   1.3584165e-09
   2.6546056e+01   1.4093950e-09
   2.7039584e+01   1.4622867e-09
   2.7542287e+01   1.5171634e-09
   2.8054336e+01   1.5740995e-09
   2.8575905e+01   1.6331724e-09
   2.9107171e+01   1.6944622e-09
   2.9648314e+01   1.7580521e-09
   3.0199517e+01   1.8240285e-09
   3.0760968e+01   1.8924809e-09
   3.1332857e+01   1.9635023e-09
   3.1915379e+01   2.0371889e-09
   3.2508730e+01   2.1136409e-09
   3.3113112e+01   2.1929621e-09
   3.3728731e+01   2.2752601e-09
   3.4355795e+01   2.3606466e-09
   3.4994517e+01   2.4492375e-09
   3.5645113e+01   2.5411531e-09
   3.6307805e+01   2.6365182e-09
   3.6982818e+01   2.7354622e-09
   3.7670380e+01   2.8381194e-09
   3.8370725e+01   2.9446292e-09
   3.9084090e+01   3.0551362e-09
   3.9810717e+01   3.1697903e-09
   4.0550854e+01   3.2887472e-09
   4.1304750e+01   3.4121684e-09
   4.2072663e+01   3.5402214e-09
   4.2854852e+01   3.6730801e-09
   4.3651583e+01   3.8109247e-09
   4.4463127e+01   3.9539424e-09
   4.5289758e+01   4.1023274e-09
   4.6131757e+01   4.2562810e-09
   4.6989411e+01   4.4160123e-09
   4.7863009e+01   4.5817380e-09
   4.8752849e+01   4.7536832e-09
   4.9659232e+01   4.9320812e-09
   5.0582466e+01   5.1171742e-09
   5.1522864e+01   5.3092135e-09
   5.2480746e+01   5.5084597e-09
   5.3456436e+01   5.7151833e-09
   5.4450265e+01   5.9296649e-09
   5.5462571e+01   6.1521957e-09
   5.6493697e+01   6.3830777e-09
   5.7543994e+01   6.6226243e-09
   5.8613816e+01   6.8711608e-09
   5.9703529e+01   7.1290244e-09
   6.0813500e+01   7.3965653e-09
   6.1944108e+01   7.6741465e-09
   6.3095734e+01   7.9621450e-09
   6.4268772e+01   8.2609516e-09
   6.5463617e+01   8.5709719e-09
   6.6680677e+01   8.8926268e-09
   6.7920363e+01   9.2263528e-09
   6.9183097e+01   9.5726032e-09
   7.0469307e+01   9.9318477e-09
   7.1779429e+01   1.0304574e-08
   7.3113908e+01   1.0691288e-08
   7.4473197e+01   1.1092515e-08
   7.5857758e+01   1.1508800e-08
   7.7268059e+01   1.1940707e-08
   7.8704579e+01   1.2388823e-08
   8.0167806e+01   1.2853755e-08
   8.1658237e+01   1.3336136e-08
   8.3176377e+01   1.3836620e-08
   8.4722741e+01   1.4355887e-08
   8.6297855e+01   1.4894640e-08
   8.7902252e+01   1.5453613e-08
   8.9536477e+01   1.6033562e-08
   9.1201084e+01   1.6635276e-08
   9.2896639e+01   1.7259572e-08
   9.4623716e+01   1.7907296e-08
   9.6382902e+01   1.8579328e-08
   9.8174794e+01   1.9276581e-08
   1.0000000e+02   2.0000001e-08
   1.0185914e+02   2.0750569e-08
   1.0375284e+02   2.1529305e-08
   1.0568175e+02   2.2337266e-08
   1.0764652e+02   2.3175548e-08
   1.0964782e+02   2.4045289e-08
   1.1168632e+02   2.4947671e-08
   1.1376273e+02   2.5883917e-08
   1.1587774e+02   2.6855300e-08
   1.1803206e+02   2.7863137e-08
   1.2022644e+02   2.8908796e-08
   1.2246162e+02   2.9993697e-08
   1.2473835e+02   3.1119313e-08
   1.2705741e+02   3.2287172e-08
   1.2941958e+02   3.3498858e-08
   1.3182567e+02   3.4756017e-08
   1.3427650e+02   3.6060355e-08
   1.3677288e+02   3.7413643e-08
   1.3931568e+02   3.8817718e-08
   1.4190575e+02   4.0274485e-08
   1.4454398e+02   4.1785923e-08
   1.4723125e+02   4.3354082e-08
   1.4996848e+02   4.4981092e-08
   1.5275661e+02   4.6669162e-08
   1.5559656e+02   4.8420581e-08
   1.5848932e+02   5.0237729e-08
   1.6143586e+02   5.2123071e-08
   1.6443717e+02   5.4079168e-08
   1.6749429e+02   5.6108673e-08
   1.7060824e+02   5.8214343e-08
   1.7378008e+02   6.0399035e-08
   1.7701090e+02   6.2665715e-08
   1.8030177e+02   6.5017460e-08
   1.8365383e+02   6.7457462e-08
   1.8706821e+02   6.9989034e-08
   1.9054607e+02   7.2615611e-08
   1.9408859e+02   7.5340760e-08
   1.9769696e+02   7.8168179e-08
   2.0137242e+02   8.1101707e-08
   2.0511622e+02   8.4145326e-08
   2.0892961e+02   8.7303167e-08
   2.1281390e+02   9.0579516e-08
   2.1677041e+02   9.3978822e-08
   2.2080047e+02   9.7505698e-08
   2.2490546e+02   1.0116493e-07
   2.2908677e+02   1.0496149e-07
   2.3334581e+02   1.0890053e-07
   2.3768403e+02   1.1298740e-07
   2.4210290e+02   1.1722763e-07
   2.4660393e+02   1.2162700e-07
   2.5118864e+02   1.2619147e-07
   2.5585859e+02   1.3092723e-07
   2.6061535e+02   1.3584073e-07
   2.6546056e+02   1.4093861e-07
   2.7039584e+02   1.4622782e-07
   2.7542287e+02   1.5171552e-07
   2.8054336e+02   1.5740916e-07
   2.8575905e+02   1.6331647e-07
   2.9107171e+02   1.6944548e-07
   2.9648314e+02   1.7580450e-07
   3.0199517e+02   1.8240217e-07
   3.0760968e+02   1.8924743e-07
   3.1332857e+02   1.9634959e-07
   3.1915379e+02   2.0371828e-07
   3.2508730e+02   2.1136350e-07
   3.3113112e+02   2.1929564e-07
   3.3728731e+02   2.2752546e-07
   3.4355795e+02   2.3606413e-07
   3.4994517e+02   2.4492324e-07
   3.5645113e+02   2.5411482e-07
   3.6307805e+02   2.6365135e-07
   3.6982818e+02   2.7354577e-07
   3.7670380e+02   2.8381150e-07
   3.8370725e+02   2.9446250e-07
   3.9084090e+02   3.0551321e-07
   3.9810717e+02   3.1697864e-07
   4.0550854e+02   3.2887434e-07
   4.1304750e+02   3.4121648e-07
   4.2072663e+02   3.5402179e-07
   4.2854852e+02   3.6730767e-07
   4.3651583e+02   3.8109214e-07
   4.4463127e+02   3.9539393e-07
   4.5289758e+02   4.1023244e-07
   4.6131757e+02   4.2562781e-07
   4.6989411e+02   4.4160095e-07
   4.7863009e+02   4.5817353e-07
   4.8752849e+02   4.7536806e-07
   4.9659232e+02   4.9320787e-07
   5.0582466e+02   5.1171718e-07
   5.1522864e+02   5.3092111e-07
   5.2480746e+02   5.5084574e-07
   5.3456436e+02   5.7151811e-07
   5.4450265e+02   5.9296628e-07
   5.5462571e+02   6.1521936e-07
   5.6493697e+02   6.3830757e-07
   5.7543994e+02   6.6226224e-07
   5.8613816e+02   6.8711590e-07
   5.9703529e+02   7.1290227e-07
   6.0813500e+02   7.3965636e-07
   6.1944108e+02   7.6741449e-07
   6.3095734e+02   7.9621434e-07
   6.4268772e+02   8.2609500e-07
   6.5463617e+02   8.5709704e-07
   6.6680677e+02   8.8926253e-07
   6.7920363e+02   9.2263515e-07
   6.9183097e+02   9.5726018e-07
   7.0469307e+02   9.9318464e-07
   7.1779429e+02   1.0304573e-06
   7.3113908e+02   1.0691287e-06
   7.4473197e+02   1.1092514e-06
   7.5857758e+02   1.1508799e-06
   7.7268059e+02   1.1940706e-06
   7.8704579e+02   1.2388822e-06
   8.0167806e+02   1.2853754e-06
   8.1658237e+02   1.3336135e-06
   8.3176377e+02   1.3836619e-06
   8.4722741e+02   1.4355886e-06
   8.6297855e+02   1.4894639e-06
   8.7902252e+02   1.5453612e-06
   8.9536477e+02   1.6033561e-06
   9.1201084e+02   1.6635275e-06
   9.2896639e+02   1.7259571e-06
   9.4623716e+02   1.7907295e-06
   9.6382902e+02   1.8579328e-06
   9.8174794e+02   1.9276580e-06
