   1.6500000e-02   2.5042838e-13
   2.0000000e-02   2.3508608e-13
   2.4300000e-02   2.1152256e-13
   2.8400000e-02   1.9812869e-13
   3.3200000e-02   1.8135618e-13
   4.0800000e-02   1.6305132e-13
   4.9100000e-02   1.4736891e-13
   5.9100000e-02   1.3641380e-13
   6.9700000e-02   1.2708178e-13
   8.3100000e-02   1.1542021e-13
   9.9000000e-02   1.0466789e-13
   1.1980000e-01   9.3425986e-14
   1.4420000e-01   8.5472108e-14
   1.7180000e-01   7.6609389e-14
   1.9890000e-01   7.2950769e-14
   2.2910000e-01   6.7160782e-14
   2.8520000e-01   5.9107391e-14
   3.3830000e-01   5.4403431e-14
   3.9160000e-01   5.0584510e-14
   4.4890000e-01   5.0087639e-14
   5.5100000e-01   4.9945557e-14
   4.9730000e-01   4.9715702e-14
   6.0150000e-01   5.1058800e-14
   6.6970000e-01   5.4291892e-14
   7.3480000e-01   5.8082941e-14
   8.2210000e-01   6.5372161e-14
   9.1530000e-01   7.5481472e-14
   1.0241000e+00   8.9056308e-14
   1.1458000e+00   1.0631276e-13
   1.2758000e+00   1.2718519e-13
   1.4205000e+00   1.5214330e-13
   1.5894000e+00   1.8596667e-13
   1.8223000e+00   2.3866579e-13
   2.0996000e+00   3.0568985e-13
   2.3956000e+00   3.8850966e-13
   2.7332000e+00   4.9959257e-13
   3.1186000e+00   6.3498296e-13
   3.5410000e+00   8.0874290e-13
   3.9814000e+00   9.9820393e-13
   4.4330000e+00   1.2082460e-12
   5.1326000e+00   1.5812205e-12
   5.8276000e+00   1.9668413e-12
   6.6168000e+00   2.5345928e-12
   7.4399000e+00   3.2030864e-12
   8.4889000e+00   4.1193731e-12
   9.5917000e+00   5.3194893e-12
