   1.0000000e-02   3.1448902e-14
   1.1100000e-02   2.9778726e-14
   1.2400000e-02   2.8903871e-14
   1.3600000e-02   2.7697674e-14
   1.5100000e-02   2.6240197e-14
   1.7000000e-02   2.4365621e-14
   1.8900000e-02   2.3423564e-14
   2.1100000e-02   2.2168844e-14
   2.3600000e-02   2.1060670e-14
   2.5900000e-02   2.0206690e-14
   2.8500000e-02   1.8579881e-14
   3.1700000e-02   1.7878343e-14
   3.5200000e-02   1.6941338e-14
   3.9300000e-02   1.5845319e-14
   4.5700000e-02   1.4784984e-14
   5.2400000e-02   1.3738395e-14
   6.0600000e-02   1.2831943e-14
   7.0500000e-02   1.1841340e-14
   8.1600000e-02   1.0946671e-14
   9.2700000e-02   1.0474328e-14
   1.0470000e-01   9.6723194e-15
   1.2170000e-01   9.2360871e-15
   1.3880000e-01   8.4909933e-15
   1.5990000e-01   7.7758950e-15
   1.8150000e-01   7.4279809e-15
   2.0300000e-01   6.9720974e-15
   2.2820000e-01   6.6109906e-15
   2.5510000e-01   6.2734802e-15
   2.8120000e-01   5.8584837e-15
   3.1150000e-01   5.6586800e-15
   3.5720000e-01   5.3222252e-15
   4.0340000e-01   5.0933163e-15
   4.5570000e-01   4.9356362e-15
   5.1710000e-01   4.7118785e-15
   5.8420000e-01   4.7339406e-15
   6.6960000e-01   4.9542510e-15
   7.6000000e-01   5.2072323e-15
   9.1010000e-01   6.0925267e-15
   1.0636000e+00   7.2947254e-15
   1.2431000e+00   9.1643070e-15
   1.4527000e+00   1.1372194e-14
   1.6570000e+00   1.4104211e-14
   1.8716000e+00   1.7153295e-14
   2.1243000e+00   2.1064728e-14
   2.4827000e+00   2.7757456e-14
   2.9299000e+00   3.5980496e-14
   3.3418000e+00   4.4617081e-14
   3.8676000e+00   5.6292976e-14
   4.5422000e+00   7.4013812e-14
   5.1807000e+00   9.1783546e-14
   5.9378000e+00   1.1493411e-13
   6.8054000e+00   1.4391930e-13
   7.8382000e+00   1.8418386e-13
   9.1160000e+00   2.4034511e-13
   1.0000000e+01   2.8577637e-13
